1 1823.55 26.2263 1782.73 23
2 1401.58 19.8054 1349.46 96
3 1199.78 20.8571 1167.98 30
4 1141.46 19.449 1111.81 24
5 1122.95 22.5619 1092.07 38
6 1015.55 47.5705 972.33 47
7 1016.55 13.0833 995.12 24
8 1034.47 26.4825 953.92 32
9 1028.39 73.6957 949.22 66
10 1021.82 30.7757 985.06 42
11 1029.58 23.5031 996.72 54
12 1049.21 28.4955 1012.32 27
13 1148.73 32.048 1099.74 33
14 1226.55 116.99 1060.86 42
15 1104.32 64.5803 1048.97 48
16 1381.24 11.6949 1363.26 36
17 1246.86 125.312 1062.78 57
18 1258.27 123.22 1072.89 39
19 1362.96 19.4314 1333.75 33
20 1214.86 133.691 1055.18 44
21 1339.66 28.7203 1311.06 48
22 1374.55 57.2419 1347.98 33
23 1527.07 139.481 1365.03 37
24 1943.73 351.194 1581.44 36
