1 12935.7 360.757 12680.6 2
2 111735 161.192 111621 2
3 121632 270.072 121441 2
4 124374 156.605 124180 5
5 102743 17.7151 102730 2
6 88622.3 136.157 88526 2
7 78737.6 232.754 78573 2
8 70705 135.711 70553.9 4
9 66842.6 88.6509 66779.9 2
10 64278.5 154.226 64169.4 2
11 62228.7 183.461 62099 2
12 60467.4 59.3568 60425.4 2
13 58008.2 10.2265 58001 2
14 54951.5 29.5089 54918.2 4
15 52639.1 34.7557 52614.5 2
16 50617.5 129.173 50526.2 2
17 48262.1 6.0242 48257.9 2
18 46833.2 28.7177 46812.9 2
19 45230 12.5256 45221.1 2
20 43992.6 0.927018 43991.9 2
21 42174.7 7.70656 42169.2 2
22 40838.7 21.838 40823.3 2
23 39799.1 53.1698 39733.3 5
24 42077 286.367 41874.5 2
