1 3981.12 56.9674 3914.87 38
2 2426.23 36.3124 2363.07 23
3 1922.95 58.7132 1856.75 24
4 1636.56 64.1493 1571.75 51
5 1518.76 50.4952 1421.02 21
6 1412.58 70.5845 1275.9 39
7 1323.95 42.6127 1248.95 42
8 1249.74 28.4438 1206.39 60
9 1293.59 38.2212 1208.93 48
10 1231.64 35.2432 1160.04 30
11 1222.88 30.9767 1162.71 39
12 1213.74 25.8987 1175.75 30
13 1364.55 17.689 1320.49 30
14 1546.98 8.85813 1535.59 33
15 1333.81 113.325 1224.58 47
16 1523.74 27.3059 1460.9 24
17 1466.7 2.91745 1460.98 33
18 1415.08 68.6933 1248.24 30
19 1463.17 15.9095 1447.6 27
20 1393.29 84.6648 1290.35 50
21 1461.23 18.6694 1433.07 23
22 1427.35 27.7095 1398.9 23
23 1583.25 55.8459 1523.57 24
24 2268.06 137.569 2103.68 22
