1 1820.68 28.8543 1788.09 42
2 1800.82 45.1005 1719.79 30
3 1652.87 24.5901 1625.1 38
4 1709.06 16.931 1677.26 29
5 1506.15 22.8942 1472.38 50
6 1485.3 26.5845 1457.99 33
7 1573.28 61.0053 1468.64 42
8 1523.51 28.4464 1471.67 21
9 1496.66 65.6791 1397.31 36
10 1499.12 49.2789 1399.24 26
11 1456.79 36.713 1402.69 59
12 1480.78 26.3377 1452.96 35
13 1625.52 192.755 1387.4 99
14 1565.94 176.501 1395.46 63
15 1583.1 168.616 1386.43 60
16 1584.13 181.155 1410.02 72
17 1540.47 166.82 1407.7 66
18 1565.17 161.84 1422.28 32
19 1495.8 185.809 1364.82 62
20 1667.31 184.946 1396.48 23
21 1807.79 10.7196 1782.79 21
22 1808.32 10.3299 1795.53 28
23 1793.4 18.6433 1767.01 30
24 2145.88 70.3782 2041.5 33
