    1       32      0.00      0.0097100
    2       32      0.00      0.0019050
    3       32      0.00      0.0015400
    4       32      0.00      0.0013250
    5       32      0.00      0.0012300
    6       32      0.00      0.0012260
    7       32      0.00      0.0011830
    8       32      0.00      0.0011110
    9       32      0.00      0.0011870
   10       32      0.00      0.0010850
    1       32      0.01      0.0011300
    2       32      0.01      0.0011090
    3       32      0.01      0.0011110
    4       32      0.01      0.0010670
    5       32      0.01      0.0010910
    6       32      0.01      0.0011560
    7       32      0.01      0.0013080
    8       32      0.01      0.0010700
    9       32      0.01      0.0011670
   10       32      0.01      0.0010670
    1       32      0.05      0.0277920
    2       32      0.05      0.0038650
    3       32      0.05      0.0028080
    4       32      0.05      0.0024150
    5       32      0.05      0.0023590
    6       32      0.05      0.0022880
    7       32      0.05      0.0024920
    8       32      0.05      0.0022210
    9       32      0.05      0.0024190
   10       32      0.05      0.0023100
    1       32      0.10      0.0064980
    2       32      0.10      0.0047850
    3       32      0.10      0.0044770
    4       32      0.10      0.0043920
    5       32      0.10      0.0044770
    6       32      0.10      0.0043960
    7       32      0.10      0.0044440
    8       32      0.10      0.0043950
    9       32      0.10      0.0044800
   10       32      0.10      0.0044010
    1       32      0.25      0.0127340
    2       32      0.25      0.0100370
    3       32      0.25      0.0096500
    4       32      0.25      0.0095010
    5       32      0.25      0.0096370
    6       32      0.25      0.0096260
    7       32      0.25      0.0095890
    8       32      0.25      0.0097630
    9       32      0.25      0.0097210
   10       32      0.25      0.0095590
    1       32      0.50      0.0225550
    2       32      0.50      0.0181100
    3       32      0.50      0.0178690
    4       32      0.50      0.0178010
    5       32      0.50      0.0177850
    6       32      0.50      0.0178100
    7       32      0.50      0.0178500
    8       32      0.50      0.0176970
    9       32      0.50      0.0178740
   10       32      0.50      0.0177470
    1       32      0.75      0.0323210
    2       32      0.75      0.0262010
    3       32      0.75      0.0261090
    4       32      0.75      0.0259560
    5       32      0.75      0.0259870
    6       32      0.75      0.0260310
    7       32      0.75      0.0260510
    8       32      0.75      0.0258950
    9       32      0.75      0.0260450
   10       32      0.75      0.0259570
    1       32      0.90      0.0371660
    2       32      0.90      0.0303620
    3       32      0.90      0.0302190
    4       32      0.90      0.0301050
    5       32      0.90      0.0299750
    6       32      0.90      0.0300350
    7       32      0.90      0.0300280
    8       32      0.90      0.0300100
    9       32      0.90      0.0300720
   10       32      0.90      0.0300380
    1       32      0.95      0.0394690
    2       32      0.95      0.0323540
    3       32      0.95      0.0320040
    4       32      0.95      0.0320830
    5       32      0.95      0.0322220
    6       32      0.95      0.0322400
    7       32      0.95      0.0321440
    8       32      0.95      0.0320960
    9       32      0.95      0.0321920
   10       32      0.95      0.0322270
    1       32      0.99      0.0407000
    2       32      0.99      0.0333260
    3       32      0.99      0.0331150
    4       32      0.99      0.0331260
    5       32      0.99      0.0331650
    6       32      0.99      0.0331100
    7       32      0.99      0.0332080
    8       32      0.99      0.0331780
    9       32      0.99      0.0332170
   10       32      0.99      0.0331540
    1       32      1.00      0.0416360
    2       32      1.00      0.0342870
    3       32      1.00      0.0341600
    4       32      1.00      0.0357390
    5       32      1.00      0.0341960
    6       32      1.00      0.0341310
    7       32      1.00      0.0341530
    8       32      1.00      0.0341360
    9       32      1.00      0.0342230
   10       32      1.00      0.0341870
    1       64      0.00      0.0068660
    2       64      0.00      0.0017050
    3       64      0.00      0.0014330
    4       64      0.00      0.0015050
    5       64      0.00      0.0013260
    6       64      0.00      0.0013980
    7       64      0.00      0.0013720
    8       64      0.00      0.0014610
    9       64      0.00      0.0014500
   10       64      0.00      0.0014390
    1       64      0.01      0.0014210
    2       64      0.01      0.0015460
    3       64      0.01      0.0014020
    4       64      0.01      0.0013760
    5       64      0.01      0.0013680
    6       64      0.01      0.0014540
    7       64      0.01      0.0013820
    8       64      0.01      0.0013680
    9       64      0.01      0.0014630
   10       64      0.01      0.0013440
    1       64      0.05      0.0071910
    2       64      0.05      0.0052260
    3       64      0.05      0.0048760
    4       64      0.05      0.0047900
    5       64      0.05      0.0047900
    6       64      0.05      0.0046560
    7       64      0.05      0.0046570
    8       64      0.05      0.0047590
    9       64      0.05      0.0046670
   10       64      0.05      0.0047920
    1       64      0.10      0.0099480
    2       64      0.10      0.0081000
    3       64      0.10      0.0079490
    4       64      0.10      0.0078500
    5       64      0.10      0.0077820
    6       64      0.10      0.0078030
    7       64      0.10      0.0078000
    8       64      0.10      0.0077510
    9       64      0.10      0.0077600
   10       64      0.10      0.0084300
    1       64      0.25      0.0228270
    2       64      0.25      0.0184210
    3       64      0.25      0.0181910
    4       64      0.25      0.0181150
    5       64      0.25      0.0180850
    6       64      0.25      0.0181190
    7       64      0.25      0.0181430
    8       64      0.25      0.0182290
    9       64      0.25      0.0181260
   10       64      0.25      0.0181770
    1       64      0.50      0.0425240
    2       64      0.50      0.0348780
    3       64      0.50      0.0346390
    4       64      0.50      0.0346780
    5       64      0.50      0.0345940
    6       64      0.50      0.0345780
    7       64      0.50      0.0345450
    8       64      0.50      0.0345270
    9       64      0.50      0.0346290
   10       64      0.50      0.0345490
    1       64      0.75      0.0623930
    2       64      0.75      0.0513320
    3       64      0.75      0.0509300
    4       64      0.75      0.0509990
    5       64      0.75      0.0508520
    6       64      0.75      0.0507650
    7       64      0.75      0.0508580
    8       64      0.75      0.0508080
    9       64      0.75      0.0510790
   10       64      0.75      0.0509330
    1       64      0.90      0.0737000
    2       64      0.90      0.0605210
    3       64      0.90      0.0603570
    4       64      0.90      0.0600590
    5       64      0.90      0.0603090
    6       64      0.90      0.0602180
    7       64      0.90      0.0599790
    8       64      0.90      0.0600060
    9       64      0.90      0.0600800
   10       64      0.90      0.0601960
    1       64      0.95      0.0772450
    2       64      0.95      0.0635140
    3       64      0.95      0.0631320
    4       64      0.95      0.0631960
    5       64      0.95      0.0633630
    6       64      0.95      0.0630450
    7       64      0.95      0.0633050
    8       64      0.95      0.0629450
    9       64      0.95      0.0632410
   10       64      0.95      0.0632660
    1       64      0.99      0.0807640
    2       64      0.99      0.0665320
    3       64      0.99      0.0664260
    4       64      0.99      0.0662840
    5       64      0.99      0.0664450
    6       64      0.99      0.0662980
    7       64      0.99      0.0677960
    8       64      0.99      0.0659440
    9       64      0.99      0.0663880
   10       64      0.99      0.0744930
    1       64      1.00      0.0826220
    2       64      1.00      0.0675170
    3       64      1.00      0.0673360
    4       64      1.00      0.0671750
    5       64      1.00      0.0671470
    6       64      1.00      0.0674000
    7       64      1.00      0.0671050
    8       64      1.00      0.0673100
    9       64      1.00      0.0672350
   10       64      1.00      0.0672680
    1      128      0.00      0.0083150
    2      128      0.00      0.0025840
    3      128      0.00      0.0023780
    4      128      0.00      0.0023270
    5      128      0.00      0.0022330
    6      128      0.00      0.0021770
    7      128      0.00      0.0021590
    8      128      0.00      0.0021650
    9      128      0.00      0.0022010
   10      128      0.00      0.0022400
    1      128      0.01      0.0049770
    2      128      0.01      0.0037640
    3      128      0.01      0.0034420
    4      128      0.01      0.0033690
    5      128      0.01      0.0033630
    6      128      0.01      0.0033330
    7      128      0.01      0.0033230
    8      128      0.01      0.0034910
    9      128      0.01      0.0034970
   10      128      0.01      0.0034400
    1      128      0.05      0.0109730
    2      128      0.05      0.0088620
    3      128      0.05      0.0085720
    4      128      0.05      0.0083920
    5      128      0.05      0.0086180
    6      128      0.05      0.0086640
    7      128      0.05      0.0085430
    8      128      0.05      0.0085310
    9      128      0.05      0.0085270
   10      128      0.05      0.0084540
    1      128      0.10      0.0183010
    2      128      0.10      0.0148330
    3      128      0.10      0.0146460
    4      128      0.10      0.0146680
    5      128      0.10      0.0147760
    6      128      0.10      0.0145590
    7      128      0.10      0.0146990
    8      128      0.10      0.0146670
    9      128      0.10      0.0147280
   10      128      0.10      0.0147030
    1      128      0.25      0.0434900
    2      128      0.25      0.0355620
    3      128      0.25      0.0352950
    4      128      0.25      0.0354070
    5      128      0.25      0.0354130
    6      128      0.25      0.0353300
    7      128      0.25      0.0353410
    8      128      0.25      0.0351210
    9      128      0.25      0.0353630
   10      128      0.25      0.0353890
    1      128      0.50      0.0834100
    2      128      0.50      0.0685620
    3      128      0.50      0.0682980
    4      128      0.50      0.0679750
    5      128      0.50      0.0680820
    6      128      0.50      0.0682620
    7      128      0.50      0.0682610
    8      128      0.50      0.0679810
    9      128      0.50      0.0681080
   10      128      0.50      0.0679450
    1      128      0.75      0.1231090
    2      128      0.75      0.1010710
    3      128      0.75      0.1007900
    4      128      0.75      0.1010410
    5      128      0.75      0.1011150
    6      128      0.75      0.1012000
    7      128      0.75      0.1005210
    8      128      0.75      0.1010220
    9      128      0.75      0.1008130
   10      128      0.75      0.1048930
    1      128      0.90      0.1627090
    2      128      0.90      0.1213450
    3      128      0.90      0.1206980
    4      128      0.90      0.1206040
    5      128      0.90      0.1206650
    6      128      0.90      0.1207090
    7      128      0.90      0.1204200
    8      128      0.90      0.1205230
    9      128      0.90      0.1203160
   10      128      0.90      0.1205290
    1      128      0.95      0.1542880
    2      128      0.95      0.1267960
    3      128      0.95      0.1267420
    4      128      0.95      0.1264770
    5      128      0.95      0.1265650
    6      128      0.95      0.1266920
    7      128      0.95      0.1264650
    8      128      0.95      0.1269140
    9      128      0.95      0.1267020
   10      128      0.95      0.1282800
    1      128      0.99      0.1609120
    2      128      0.99      0.1316270
    3      128      0.99      0.1320370
    4      128      0.99      0.1319400
    5      128      0.99      0.1320940
    6      128      0.99      0.1319390
    7      128      0.99      0.1392830
    8      128      0.99      0.1320940
    9      128      0.99      0.1320780
   10      128      0.99      0.1319450
    1      128      1.00      0.1631630
    2      128      1.00      0.1339110
    3      128      1.00      0.1336830
    4      128      1.00      0.1337810
    5      128      1.00      0.1342190
    6      128      1.00      0.1336890
    7      128      1.00      0.1336940
    8      128      1.00      0.1334920
    9      128      1.00      0.1335800
   10      128      1.00      0.1339700
    1      256      0.00      0.0139980
    2      256      0.00      0.0029670
    3      256      0.00      0.0028230
    4      256      0.00      0.0028210
    5      256      0.00      0.0027680
    6      256      0.00      0.0027840
    7      256      0.00      0.0027540
    8      256      0.00      0.0027680
    9      256      0.00      0.0027440
   10      256      0.00      0.0027590
    1      256      0.01      0.0070330
    2      256      0.01      0.0055190
    3      256      0.01      0.0051640
    4      256      0.01      0.0050580
    5      256      0.01      0.0050410
    6      256      0.01      0.0050860
    7      256      0.01      0.0050160
    8      256      0.01      0.0050510
    9      256      0.01      0.0050180
   10      256      0.01      0.0050290
    1      256      0.05      0.0192360
    2      256      0.05      0.0158590
    3      256      0.05      0.0154790
    4      256      0.05      0.0154840
    5      256      0.05      0.0154260
    6      256      0.05      0.0153920
    7      256      0.05      0.0153490
    8      256      0.05      0.0153880
    9      256      0.05      0.0154180
   10      256      0.05      0.0154710
    1      256      0.10      0.0355970
    2      256      0.10      0.0291970
    3      256      0.10      0.0288320
    4      256      0.10      0.0289490
    5      256      0.10      0.0289390
    6      256      0.10      0.0288390
    7      256      0.10      0.0288390
    8      256      0.10      0.0289290
    9      256      0.10      0.0289320
   10      256      0.10      0.0288720
    1      256      0.25      0.0843150
    2      256      0.25      0.0694220
    3      256      0.25      0.0690650
    4      256      0.25      0.0692330
    5      256      0.25      0.0691060
    6      256      0.25      0.0692540
    7      256      0.25      0.0689670
    8      256      0.25      0.0691880
    9      256      0.25      0.0690990
   10      256      0.25      0.0691170
    1      256      0.50      0.1685120
    2      256      0.50      0.1357730
    3      256      0.50      0.1348510
    4      256      0.50      0.1349020
    5      256      0.50      0.1349830
    6      256      0.50      0.1349770
    7      256      0.50      0.1349240
    8      256      0.50      0.1347030
    9      256      0.50      0.1349260
   10      256      0.50      0.1351060
    1      256      0.75      0.2445100
    2      256      0.75      0.2009700
    3      256      0.75      0.2163580
    4      256      0.75      0.2000830
    5      256      0.75      0.2009530
    6      256      0.75      0.2006040
    7      256      0.75      0.2009530
    8      256      0.75      0.2007960
    9      256      0.75      0.2010120
   10      256      0.75      0.2010140
    1      256      0.90      0.2918040
    2      256      0.90      0.2440170
    3      256      0.90      0.2407610
    4      256      0.90      0.2444800
    5      256      0.90      0.2510680
    6      256      0.90      0.2509060
    7      256      0.90      0.2506460
    8      256      0.90      0.2512670
    9      256      0.90      0.2508030
   10      256      0.90      0.2395880
    1      256      0.95      0.3177530
    2      256      0.95      0.2648500
    3      256      0.95      0.2628170
    4      256      0.95      0.2647710
    5      256      0.95      0.2761740
    6      256      0.95      0.2597730
    7      256      0.95      0.2651130
    8      256      0.95      0.2573690
    9      256      0.95      0.2766240
   10      256      0.95      0.2573180
    1      256      0.99      0.3395400
    2      256      0.99      0.3006400
    3      256      0.99      0.2670510
    4      256      0.99      0.2666240
    5      256      0.99      0.2559600
    6      256      0.99      0.2660590
    7      256      0.99      0.2967960
    8      256      0.99      0.2668190
    9      256      0.99      0.2666760
   10      256      0.99      0.2732190
    1      256      1.00      0.3563760
    2      256      1.00      0.2921740
    3      256      1.00      0.2701490
    4      256      1.00      0.2806970
    5      256      1.00      0.2700100
    6      256      1.00      0.3022500
    7      256      1.00      0.2687030
    8      256      1.00      0.2689060
    9      256      1.00      0.2804100
   10      256      1.00      0.2695210
    1      512      0.00      0.0240480
    2      512      0.00      0.0047880
    3      512      0.00      0.0046430
    4      512      0.00      0.0046500
    5      512      0.00      0.0046330
    6      512      0.00      0.0045820
    7      512      0.00      0.0045990
    8      512      0.00      0.0045780
    9      512      0.00      0.0045640
   10      512      0.00      0.0045280
    1      512      0.01      0.0152660
    2      512      0.01      0.0107850
    3      512      0.01      0.0103020
    4      512      0.01      0.0102730
    5      512      0.01      0.0103090
    6      512      0.01      0.0102150
    7      512      0.01      0.0101580
    8      512      0.01      0.0101160
    9      512      0.01      0.0101620
   10      512      0.01      0.0102340
    1      512      0.05      0.0379140
    2      512      0.05      0.0312950
    3      512      0.05      0.0309010
    4      512      0.05      0.0307120
    5      512      0.05      0.0308440
    6      512      0.05      0.0308330
    7      512      0.05      0.0308240
    8      512      0.05      0.0310200
    9      512      0.05      0.0308420
   10      512      0.05      0.0308500
    1      512      0.10      0.0743380
    2      512      0.10      0.0583510
    3      512      0.10      0.0578900
    4      512      0.10      0.0579050
    5      512      0.10      0.0577620
    6      512      0.10      0.0577490
    7      512      0.10      0.0580120
    8      512      0.10      0.0578590
    9      512      0.10      0.0579380
   10      512      0.10      0.0577930
    1      512      0.25      0.1667770
    2      512      0.25      0.1374650
    3      512      0.25      0.1375190
    4      512      0.25      0.1374340
    5      512      0.25      0.1376020
    6      512      0.25      0.1373300
    7      512      0.25      0.1373280
    8      512      0.25      0.1373510
    9      512      0.25      0.1374100
   10      512      0.25      0.1374690
    1      512      0.50      0.3259910
    2      512      0.50      0.2690850
    3      512      0.50      0.2690920
    4      512      0.50      0.2696260
    5      512      0.50      0.2686650
    6      512      0.50      0.2692410
    7      512      0.50      0.2950000
    8      512      0.50      0.2843930
    9      512      0.50      0.2721180
   10      512      0.50      0.2841310
    1      512      0.75      0.4808050
    2      512      0.75      0.4498280
    3      512      0.75      0.4251590
    4      512      0.75      0.4477020
    5      512      0.75      0.4279620
    6      512      0.75      0.4656440
    7      512      0.75      0.4333730
    8      512      0.75      0.4357190
    9      512      0.75      0.4297700
   10      512      0.75      0.4508680
    1      512      0.90      0.5779400
    2      512      0.90      0.4947260
    3      512      0.90      0.5183110
    4      512      0.90      0.5170590
    5      512      0.90      0.5309830
    6      512      0.90      0.4714280
    7      512      0.90      0.4994200
    8      512      0.90      0.4956830
    9      512      0.90      0.5186080
   10      512      0.90      0.5191550
    1      512      0.95      0.6399780
    2      512      0.95      0.5664480
    3      512      0.95      0.5193890
    4      512      0.95      0.5454320
    5      512      0.95      0.5448300
    6      512      0.95      0.5193430
    7      512      0.95      0.5432010
    8      512      0.95      0.5417820
    9      512      0.95      0.5373270
   10      512      0.95      0.5436420
    1      512      0.99      0.6371070
    2      512      0.99      0.5369330
    3      512      0.99      0.5604040
    4      512      0.99      0.5578860
    5      512      0.99      0.5582470
    6      512      0.99      0.5479980
    7      512      0.99      0.5715220
    8      512      0.99      0.5808590
    9      512      0.99      0.5587490
   10      512      0.99      0.5337500
    1      512      1.00      0.6333720
    2      512      1.00      0.5608550
    3      512      1.00      0.5847790
    4      512      1.00      0.5063460
    5      512      1.00      0.5390190
    6      512      1.00      0.5677300
    7      512      1.00      0.5058000
    8      512      1.00      0.5261200
    9      512      1.00      0.5062220
   10      512      1.00      0.5443360
    1     1024      0.00      0.0376050
    2     1024      0.00      0.0094860
    3     1024      0.00      0.0090240
    4     1024      0.00      0.0089740
    5     1024      0.00      0.0089590
    6     1024      0.00      0.0089150
    7     1024      0.00      0.0086470
    8     1024      0.00      0.0085630
    9     1024      0.00      0.0086130
   10     1024      0.00      0.0086270
    1     1024      0.01      0.0261520
    2     1024      0.01      0.0198210
    3     1024      0.01      0.0192480
    4     1024      0.01      0.0189200
    5     1024      0.01      0.0190760
    6     1024      0.01      0.0189590
    7     1024      0.01      0.0188220
    8     1024      0.01      0.0189160
    9     1024      0.01      0.0189180
   10     1024      0.01      0.0188160
    1     1024      0.05      0.0727700
    2     1024      0.05      0.0606080
    3     1024      0.05      0.0725100
    4     1024      0.05      0.0622410
    5     1024      0.05      0.0621510
    6     1024      0.05      0.0621910
    7     1024      0.05      0.0831950
    8     1024      0.05      0.0621340
    9     1024      0.05      0.0619400
   10     1024      0.05      0.0618940
    1     1024      0.10      0.1464330
    2     1024      0.10      0.1117510
    3     1024      0.10      0.1117020
    4     1024      0.10      0.1114640
    5     1024      0.10      0.1115880
    6     1024      0.10      0.1115990
    7     1024      0.10      0.1113740
    8     1024      0.10      0.1114280
    9     1024      0.10      0.1236390
   10     1024      0.10      0.1150030
    1     1024      0.25      0.3589610
    2     1024      0.25      0.2870820
    3     1024      0.25      0.2688460
    4     1024      0.25      0.2977240
    5     1024      0.25      0.2916490
    6     1024      0.25      0.2678400
    7     1024      0.25      0.2680440
    8     1024      0.25      0.2677990
    9     1024      0.25      0.2804640
   10     1024      0.25      0.2950420
    1     1024      0.50      0.6050560
    2     1024      0.50      0.5118210
    3     1024      0.50      0.5427450
    4     1024      0.50      0.5304030
    5     1024      0.50      0.5369670
    6     1024      0.50      0.5120080
    7     1024      0.50      0.5450800
    8     1024      0.50      0.5122060
    9     1024      0.50      0.5113640
   10     1024      0.50      0.5393560
    1     1024      0.75      0.9743010
    2     1024      0.75      0.7656590
    3     1024      0.75      0.7777580
    4     1024      0.75      0.7458390
    5     1024      0.75      0.7472190
    6     1024      0.75      0.7690040
    7     1024      0.75      0.7552370
    8     1024      0.75      0.7447670
    9     1024      0.75      0.7496190
   10     1024      0.75      0.7839690
    1     1024      0.90      1.1670520
    2     1024      0.90      0.9261180
    3     1024      0.90      0.9229130
    4     1024      0.90      0.9245290
    5     1024      0.90      0.9923820
    6     1024      0.90      0.9232360
    7     1024      0.90      0.9089580
    8     1024      0.90      0.8829290
    9     1024      0.90      0.9244430
   10     1024      0.90      0.9071290
    1     1024      0.95      1.1388170
    2     1024      0.95      0.9619810
    3     1024      0.95      0.9840080
    4     1024      0.95      0.9992950
    5     1024      0.95      0.9657800
    6     1024      0.95      0.9633390
    7     1024      0.95      0.9793150
    8     1024      0.95      0.9998920
    9     1024      0.95      0.9622690
   10     1024      0.95      0.9640630
    1     1024      0.99      1.2198010
    2     1024      0.99      1.0160990
    3     1024      0.99      0.9676420
    4     1024      0.99      0.9794140
    5     1024      0.99      1.0006720
    6     1024      0.99      1.0121500
    7     1024      0.99      0.9959620
    8     1024      0.99      0.9994310
    9     1024      0.99      1.0366100
   10     1024      0.99      0.9929160
    1     1024      1.00      1.1810300
    2     1024      1.00      1.0115300
    3     1024      1.00      1.0370960
    4     1024      1.00      1.0337810
    5     1024      1.00      1.0031330
    6     1024      1.00      0.9773780
    7     1024      1.00      1.0459700
    8     1024      1.00      1.0308190
    9     1024      1.00      0.9774390
   10     1024      1.00      0.9763010
    1     2048      0.00      0.0734570
    2     2048      0.00      0.0595870
    3     2048      0.00      0.0435260
    4     2048      0.00      0.0433530
    5     2048      0.00      0.0434810
    6     2048      0.00      0.0432570
    7     2048      0.00      0.0433160
    8     2048      0.00      0.0421280
    9     2048      0.00      0.0419120
   10     2048      0.00      0.0418370
    1     2048      0.01      0.0743310
    2     2048      0.01      0.0659410
    3     2048      0.01      0.0652330
    4     2048      0.01      0.0650700
    5     2048      0.01      0.0654020
    6     2048      0.01      0.0647880
    7     2048      0.01      0.0783850
    8     2048      0.01      0.0668260
    9     2048      0.01      0.0669400
   10     2048      0.01      0.0768290
    1     2048      0.05      0.1939550
    2     2048      0.05      0.1587570
    3     2048      0.05      0.1641580
    4     2048      0.05      0.1527980
    5     2048      0.05      0.1529270
    6     2048      0.05      0.1525440
    7     2048      0.05      0.1532020
    8     2048      0.05      0.1680500
    9     2048      0.05      0.1578100
   10     2048      0.05      0.1528810
    1     2048      0.10      0.3352570
    2     2048      0.10      0.2545940
    3     2048      0.10      0.2813700
    4     2048      0.10      0.2916070
    5     2048      0.10      0.2648520
    6     2048      0.10      0.2728890
    7     2048      0.10      0.2541370
    8     2048      0.10      0.2940810
    9     2048      0.10      0.2548440
   10     2048      0.10      0.2650240
    1     2048      0.25      0.6500200
    2     2048      0.25      0.5591930
    3     2048      0.25      0.5568800
    4     2048      0.25      0.6082890
    5     2048      0.25      0.5573690
    6     2048      0.25      0.5567660
    7     2048      0.25      0.5570810
    8     2048      0.25      0.5574120
    9     2048      0.25      0.5572030
   10     2048      0.25      0.5575790
    1     2048      0.50      1.3032120
    2     2048      0.50      1.0362610
    3     2048      0.50      1.0343860
    4     2048      0.50      1.0829640
    5     2048      0.50      1.0699840
    6     2048      0.50      1.0565430
    7     2048      0.50      1.0664930
    8     2048      0.50      1.1160490
    9     2048      0.50      1.0664110
   10     2048      0.50      1.0693070
    1     2048      0.75      1.8929960
    2     2048      0.75      1.5300280
    3     2048      0.75      1.5749270
    4     2048      0.75      1.5492490
    5     2048      0.75      1.5696160
    6     2048      0.75      1.5952210
    7     2048      0.75      1.5674200
    8     2048      0.75      1.5688750
    9     2048      0.75      1.5561160
   10     2048      0.75      1.5465790
    1     2048      0.90      2.2471650
    2     2048      0.90      1.8240610
    3     2048      0.90      1.9071180
    4     2048      0.90      1.8243870
    5     2048      0.90      1.8732300
    6     2048      0.90      1.8242980
    7     2048      0.90      1.8731540
    8     2048      0.90      1.8256110
    9     2048      0.90      1.8724110
   10     2048      0.90      1.8233810
    1     2048      0.95      2.3549650
    2     2048      0.95      1.9198700
    3     2048      0.95      1.9675430
    4     2048      0.95      1.9402100
    5     2048      0.95      1.9684120
    6     2048      0.95      1.9186140
    7     2048      0.95      1.9892380
    8     2048      0.95      1.9166510
    9     2048      0.95      1.9755300
   10     2048      0.95      1.9780380
    1     2048      0.99      2.5769530
    2     2048      0.99      2.0715620
    3     2048      0.99      2.1553790
    4     2048      0.99      2.0688040
    5     2048      0.99      2.1616970
    6     2048      0.99      2.1011300
    7     2048      0.99      2.1562730
    8     2048      0.99      2.0854230
    9     2048      0.99      2.1306330
   10     2048      0.99      2.0970410
    1     2048      1.00      2.5339840
    2     2048      1.00      2.1649830
    3     2048      1.00      2.0907540
    4     2048      1.00      2.1688700
    5     2048      1.00      2.0891660
    6     2048      1.00      2.1733350
    7     2048      1.00      2.1176710
    8     2048      1.00      2.1761420
    9     2048      1.00      2.1012890
   10     2048      1.00      2.1356560
    1     4096      0.00      0.0817450
    2     4096      0.00      0.0739410
    3     4096      0.00      0.0861130
    4     4096      0.00      0.0750660
    5     4096      0.00      0.0746310
    6     4096      0.00      0.0750110
    7     4096      0.00      0.0747920
    8     4096      0.00      0.0748670
    9     4096      0.00      0.0749720
   10     4096      0.00      0.0743420
    1     4096      0.01      0.1346770
    2     4096      0.01      0.1208780
    3     4096      0.01      0.1208600
    4     4096      0.01      0.1317990
    5     4096      0.01      0.1312120
    6     4096      0.01      0.1243020
    7     4096      0.01      0.1210210
    8     4096      0.01      0.1192600
    9     4096      0.01      0.1201490
   10     4096      0.01      0.1196580
    1     4096      0.05      0.3807830
    2     4096      0.05      0.3381590
    3     4096      0.05      0.3384620
    4     4096      0.05      0.3373580
    5     4096      0.05      0.3385940
    6     4096      0.05      0.3375790
    7     4096      0.05      0.3381410
    8     4096      0.05      0.3380070
    9     4096      0.05      0.3374910
   10     4096      0.05      0.3363810
    1     4096      0.10      0.6317450
    2     4096      0.10      0.5276130
    3     4096      0.10      0.5267390
    4     4096      0.10      0.5273510
    5     4096      0.10      0.5282100
    6     4096      0.10      0.5296750
    7     4096      0.10      0.5480960
    8     4096      0.10      0.5361240
    9     4096      0.10      0.5488330
   10     4096      0.10      0.5260880
    1     4096      0.25      1.3848330
    2     4096      0.25      1.1938030
    3     4096      0.25      1.1682210
    4     4096      0.25      1.1380600
    5     4096      0.25      1.1381570
    6     4096      0.25      1.1922300
    7     4096      0.25      1.1559490
    8     4096      0.25      1.1366410
    9     4096      0.25      1.2025470
   10     4096      0.25      1.1373010
    1     4096      0.50      2.6919870
    2     4096      0.50      2.1873090
    3     4096      0.50      2.2220660
    4     4096      0.50      2.1858040
    5     4096      0.50      2.2435830
    6     4096      0.50      2.1962260
    7     4096      0.50      2.1962340
    8     4096      0.50      2.2253080
    9     4096      0.50      2.0887020
   10     4096      0.50      2.1621040
    1     4096      0.75      3.7198990
    2     4096      0.75      3.0461470
    3     4096      0.75      3.1213680
    4     4096      0.75      3.1322500
    5     4096      0.75      3.0906810
    6     4096      0.75      3.0367020
    7     4096      0.75      3.1245720
    8     4096      0.75      3.1181860
    9     4096      0.75      3.1221920
   10     4096      0.75      3.0898690
    1     4096      0.90      4.3984630
    2     4096      0.90      3.6668190
    3     4096      0.90      3.6390410
    4     4096      0.90      3.6606550
    5     4096      0.90      3.6479620
    6     4096      0.90      3.6552240
    7     4096      0.90      3.6505320
    8     4096      0.90      3.6574990
    9     4096      0.90      3.6587510
   10     4096      0.90      3.6899840
    1     4096      0.95      4.6200010
    2     4096      0.95      3.8447480
    3     4096      0.95      3.8436030
    4     4096      0.95      3.8436680
    5     4096      0.95      3.8427040
    6     4096      0.95      3.8401370
    7     4096      0.95      3.8427920
    8     4096      0.95      3.8439830
    9     4096      0.95      3.8780230
   10     4096      0.95      3.8321050
    1     4096      0.99      4.8312870
    2     4096      0.99      3.9998490
    3     4096      0.99      4.0271240
    4     4096      0.99      3.9963630
    5     4096      0.99      3.9798190
    6     4096      0.99      3.9902480
    7     4096      0.99      3.9916260
    8     4096      0.99      3.9884270
    9     4096      0.99      3.9951490
   10     4096      0.99      3.9935850
    1     4096      1.00      4.8479120
    2     4096      1.00      4.0367270
    3     4096      1.00      4.0304150
    4     4096      1.00      4.0327450
    5     4096      1.00      4.0260850
    6     4096      1.00      4.0275130
    7     4096      1.00      4.0291840
    8     4096      1.00      4.0278420
    9     4096      1.00      4.0280090
   10     4096      1.00      4.0265950
    1     8192      0.00      0.1458600
    2     8192      0.00      0.1344970
    3     8192      0.00      0.1424370
    4     8192      0.00      0.1409040
    5     8192      0.00      0.1265830
    6     8192      0.00      0.1422760
    7     8192      0.00      0.1312690
    8     8192      0.00      0.1533640
    9     8192      0.00      0.1314110
   10     8192      0.00      0.1311410
    1     8192      0.01      0.2617860
    2     8192      0.01      0.2489050
    3     8192      0.01      0.2664330
    4     8192      0.01      0.2236880
    5     8192      0.01      0.2410990
    6     8192      0.01      0.2440450
    7     8192      0.01      0.2329730
    8     8192      0.01      0.2270160
    9     8192      0.01      0.2360110
   10     8192      0.01      0.2214270
    1     8192      0.05      0.6690280
    2     8192      0.05      0.5894270
    3     8192      0.05      0.5633270
    4     8192      0.05      0.5683030
    5     8192      0.05      0.5697520
    6     8192      0.05      0.5837960
    7     8192      0.05      0.5599470
    8     8192      0.05      0.5728690
    9     8192      0.05      0.5640090
   10     8192      0.05      0.5790270
    1     8192      0.10      1.1073620
    2     8192      0.10      1.0136310
    3     8192      0.10      0.9636730
    4     8192      0.10      0.9625990
    5     8192      0.10      0.9901300
    6     8192      0.10      1.0076780
    7     8192      0.10      0.9647870
    8     8192      0.10      0.9880690
    9     8192      0.10      0.9638790
   10     8192      0.10      1.0103100
    1     8192      0.25      2.5228320
    2     8192      0.25      2.1616910
    3     8192      0.25      2.1169320
    4     8192      0.25      2.1734070
    5     8192      0.25      2.1149710
    6     8192      0.25      2.1523900
    7     8192      0.25      2.1153060
    8     8192      0.25      2.0870590
    9     8192      0.25      2.1218080
   10     8192      0.25      2.1138210
    1     8192      0.50      4.9167190
    2     8192      0.50      4.0882720
    3     8192      0.50      4.0844240
    4     8192      0.50      4.0806390
    5     8192      0.50      4.0856610
    6     8192      0.50      4.0759500
    7     8192      0.50      4.0746910
    8     8192      0.50      4.0705100
    9     8192      0.50      4.0498940
   10     8192      0.50      4.0545900
    1     8192      0.75      7.2189970
    2     8192      0.75      6.0136860
    3     8192      0.75      5.9792510
    4     8192      0.75      6.0115690
    5     8192      0.75      5.9769750
    6     8192      0.75      5.9910130
    7     8192      0.75      6.0038370
    8     8192      0.75      6.0126590
    9     8192      0.75      5.9812290
   10     8192      0.75      6.0087350
    1     8192      0.90      8.6340030
    2     8192      0.90      7.1722440
    3     8192      0.90      7.1482080
    4     8192      0.90      7.1480770
    5     8192      0.90      7.1630210
    6     8192      0.90      7.1492690
    7     8192      0.90      7.1487790
    8     8192      0.90      7.1499690
    9     8192      0.90      7.1462570
   10     8192      0.90      7.1764730
    1     8192      0.95      9.1150910
    2     8192      0.95      7.5186990
    3     8192      0.95      7.5527220
    4     8192      0.95      7.5197920
    5     8192      0.95      7.5262430
    6     8192      0.95      7.5625760
    7     8192      0.95      7.5223090
    8     8192      0.95      7.5276000
    9     8192      0.95      7.5459590
   10     8192      0.95      7.5230990
    1     8192      0.99      9.4414960
    2     8192      0.99      7.8190020
    3     8192      0.99      7.8184530
    4     8192      0.99      7.8445750
    5     8192      0.99      7.8209780
    6     8192      0.99      7.8171940
    7     8192      0.99      7.8188860
    8     8192      0.99      7.8245110
    9     8192      0.99      7.8210520
   10     8192      0.99      7.8195690
    1     8192      1.00      9.5395320
    2     8192      1.00      7.9708030
    3     8192      1.00      7.8991630
    4     8192      1.00      7.9364860
    5     8192      1.00      7.8946020
    6     8192      1.00      7.8952870
    7     8192      1.00      7.9162410
    8     8192      1.00      7.8957650
    9     8192      1.00      7.8922850
   10     8192      1.00      7.8945230
    1    16384      0.00      0.1712520
    2    16384      0.00      0.1817580
    3    16384      0.00      0.1638300
    4    16384      0.00      0.1805710
    5    16384      0.00      0.1680550
    6    16384      0.00      0.1683550
    7    16384      0.00      0.1684320
    8    16384      0.00      0.1709700
    9    16384      0.00      0.1681710
   10    16384      0.00      0.1678290
    1    16384      0.01      0.4317220
    2    16384      0.01      0.3551070
    3    16384      0.01      0.3667190
    4    16384      0.01      0.3652140
    5    16384      0.01      0.3983950
    6    16384      0.01      0.3774540
    7    16384      0.01      0.3880680
    8    16384      0.01      0.3764700
    9    16384      0.01      0.4030080
   10    16384      0.01      0.3763630
    1    16384      0.05      1.1671680
    2    16384      0.05      1.0024080
    3    16384      0.05      1.0824030
    4    16384      0.05      1.0484620
    5    16384      0.05      1.0291450
    6    16384      0.05      1.0050090
    7    16384      0.05      1.0777310
    8    16384      0.05      1.0029120
    9    16384      0.05      1.0055390
   10    16384      0.05      1.0040020
    1    16384      0.10      2.1314940
    2    16384      0.10      1.7658630
    3    16384      0.10      1.8344950
    4    16384      0.10      1.7654880
    5    16384      0.10      1.8510360
    6    16384      0.10      1.7696870
    7    16384      0.10      1.8139060
    8    16384      0.10      1.7924110
    9    16384      0.10      1.7976950
   10    16384      0.10      1.7989020
    1    16384      0.25      4.9275770
    2    16384      0.25      4.1414310
    3    16384      0.25      4.1264360
    4    16384      0.25      4.1105240
    5    16384      0.25      4.1265160
    6    16384      0.25      4.1095230
    7    16384      0.25      4.1218050
    8    16384      0.25      4.1392210
    9    16384      0.25      4.1187500
   10    16384      0.25      4.1429240
    1    16384      0.50      9.7010820
    2    16384      0.50      8.0939620
    3    16384      0.50      8.0105090
    4    16384      0.50      8.0340180
    5    16384      0.50      8.0285870
    6    16384      0.50      8.0705380
    7    16384      0.50      8.0328680
    8    16384      0.50      8.0081520
    9    16384      0.50      8.0094040
   10    16384      0.50      8.0323740
    1    16384      0.75     14.3242310
    2    16384      0.75     11.8587410
    3    16384      0.75     11.7985620
    4    16384      0.75     11.8175360
    5    16384      0.75     11.8890110
    6    16384      0.75     11.7935220
    7    16384      0.75     11.8454360
    8    16384      0.75     11.8778910
    9    16384      0.75     11.7888660
   10    16384      0.75     11.8234920
    1    16384      0.90     17.0913230
    2    16384      0.90     14.1485940
    3    16384      0.90     14.2152670
    4    16384      0.90     14.1467740
    5    16384      0.90     14.1550530
    6    16384      0.90     14.1721550
    7    16384      0.90     14.1208210
    8    16384      0.90     14.1217760
    9    16384      0.90     14.1213240
   10    16384      0.90     14.1195390
    1    16384      0.95     18.0647800
    2    16384      0.95     14.9503700
    3    16384      0.95     14.9320720
    4    16384      0.95     14.9011890
    5    16384      0.95     14.9251450
    6    16384      0.95     14.9792490
    7    16384      0.95     14.9598990
    8    16384      0.95     14.9616720
    9    16384      0.95     15.0960150
   10    16384      0.95     14.9184700
    1    16384      0.99     18.8200670
    2    16384      0.99     15.5053570
    3    16384      0.99     15.5010010
    4    16384      0.99     15.5163680
    5    16384      0.99     15.5293860
    6    16384      0.99     15.5292140
    7    16384      0.99     15.5047340
    8    16384      0.99     15.5154580
    9    16384      0.99     15.5396730
   10    16384      0.99     15.5644640
    1    16384      1.00     19.2501950
    2    16384      1.00     15.6954050
    3    16384      1.00     15.6686160
    4    16384      1.00     15.6816980
    5    16384      1.00     15.7097110
    6    16384      1.00     15.6990480
    7    16384      1.00     15.6553970
    8    16384      1.00     15.6672860
    9    16384      1.00     15.6524320
   10    16384      1.00     15.6914020
    1    32768      0.00      0.3129500
    2    32768      0.00      0.3276290
    3    32768      0.00      0.3248620
    4    32768      0.00      0.3093590
    5    32768      0.00      0.3479080
    6    32768      0.00      0.3479000
    7    32768      0.00      0.3245580
    8    32768      0.00      0.3320610
    9    32768      0.00      0.3193460
   10    32768      0.00      0.3374300
    1    32768      0.01      0.7101880
    2    32768      0.01      0.6711160
    3    32768      0.01      0.6706360
    4    32768      0.01      0.7028470
    5    32768      0.01      0.6713430
    6    32768      0.01      0.7011120
    7    32768      0.01      0.6702460
    8    32768      0.01      0.6657300
    9    32768      0.01      0.6581210
   10    32768      0.01      0.6911830
    1    32768      0.05      2.2522180
    2    32768      0.05      1.9298090
    3    32768      0.05      1.9616860
    4    32768      0.05      1.9311430
    5    32768      0.05      1.9682620
    6    32768      0.05      1.9171330
    7    32768      0.05      1.9543740
    8    32768      0.05      1.9169620
    9    32768      0.05      1.9612520
   10    32768      0.05      1.9171780
    1    32768      0.10      4.1198730
    2    32768      0.10      3.5608040
    3    32768      0.10      3.5015250
    4    32768      0.10      3.4704010
    5    32768      0.10      3.5305300
    6    32768      0.10      3.5611850
    7    32768      0.10      3.4936740
    8    32768      0.10      3.4892760
    9    32768      0.10      3.4898260
   10    32768      0.10      3.5060040
    1    32768      0.25      9.8443030
    2    32768      0.25      8.1500420
    3    32768      0.25      8.1514690
    4    32768      0.25      8.1508490
    5    32768      0.25      8.1563870
    6    32768      0.25      8.1548690
    7    32768      0.25      8.1763780
    8    32768      0.25      8.1539950
    9    32768      0.25      8.1815550
   10    32768      0.25      8.2592700
    1    32768      0.50     19.4107250
    2    32768      0.50     16.0792930
    3    32768      0.50     15.9972710
    4    32768      0.50     16.0421630
    5    32768      0.50     15.9924580
    6    32768      0.50     16.0726260
    7    32768      0.50     16.0179420
    8    32768      0.50     16.0528410
    9    32768      0.50     15.9868790
   10    32768      0.50     16.0857670
    1    32768      0.75     28.8988520
    2    32768      0.75     23.9502130
    3    32768      0.75     23.9138590
    4    32768      0.75     23.8564550
    5    32768      0.75     23.8985520
    6    32768      0.75     23.7807480
    7    32768      0.75     23.7840750
    8    32768      0.75     23.8241540
    9    32768      0.75     23.7894010
   10    32768      0.75     23.8095390
    1    32768      0.90     34.5735640
    2    32768      0.90     28.6466720
    3    32768      0.90     28.5363180
    4    32768      0.90     28.6079380
    5    32768      0.90     28.7016640
    6    32768      0.90     28.6892770
    7    32768      0.90     28.8280540
    8    32768      0.90     28.9016150
    9    32768      0.90     28.8370640
   10    32768      0.90     28.8744010
    1    32768      0.95     36.4387500
    2    32768      0.95     30.4699210
    3    32768      0.95     30.5392280
    4    32768      0.95     30.0896000
    5    32768      0.95     30.0613050
    6    32768      0.95     30.0953970
    7    32768      0.95     30.0630320
    8    32768      0.95     30.1446230
    9    32768      0.95     30.0899440
   10    32768      0.95     30.1254640
    1    32768      0.99     38.0518990
    2    32768      0.99     31.3989370
    3    32768      0.99     31.4138310
    4    32768      0.99     31.4379470
    5    32768      0.99     31.3776430
    6    32768      0.99     31.3984320
    7    32768      0.99     31.4079140
    8    32768      0.99     31.3549320
    9    32768      0.99     31.3156770
   10    32768      0.99     31.5093240
    1    32768      1.00     38.3883100
    2    32768      1.00     31.6198590
    3    32768      1.00     31.6235850
    4    32768      1.00     31.6587900
    5    32768      1.00     31.6157130
    6    32768      1.00     31.6423130
    7    32768      1.00     31.6784760
    8    32768      1.00     31.7386560
    9    32768      1.00     31.6147240
   10    32768      1.00     31.6505370
    1    65536      0.00      0.5887700
    2    65536      0.00      0.6092100
    3    65536      0.00      0.6104410
    4    65536      0.00      0.6064200
    5    65536      0.00      0.5900750
    6    65536      0.00      0.5876960
    7    65536      0.00      0.5762460
    8    65536      0.00      0.5504240
    9    65536      0.00      0.5890900
   10    65536      0.00      0.5497180
    1    65536      0.01      1.3966300
    2    65536      0.01      1.2645980
    3    65536      0.01      1.2636910
    4    65536      0.01      1.3022820
    5    65536      0.01      1.2685430
    6    65536      0.01      1.2682780
    7    65536      0.01      1.3023740
    8    65536      0.01      1.2896960
    9    65536      0.01      1.2664600
   10    65536      0.01      1.3025750
    1    65536      0.05      4.7108350
    2    65536      0.05      3.9743840
    3    65536      0.05      3.9230190
    4    65536      0.05      3.9775390
    5    65536      0.05      3.9370280
    6    65536      0.05      3.9522630
    7    65536      0.05      3.8985390
    8    65536      0.05      3.9256590
    9    65536      0.05      3.9163650
   10    65536      0.05      3.8897340
    1    65536      0.10      8.5189330
    2    65536      0.10      7.1483020
    3    65536      0.10      7.1228140
    4    65536      0.10      7.1241070
    5    65536      0.10      7.1238300
    6    65536      0.10      7.1440750
    7    65536      0.10      7.1508860
    8    65536      0.10      7.1529420
    9    65536      0.10      7.1727030
   10    65536      0.10      7.1214180
    1    65536      0.25     20.4651700
    2    65536      0.25     16.9029770
    3    65536      0.25     16.8679970
    4    65536      0.25     16.8582470
    5    65536      0.25     16.8975910
    6    65536      0.25     16.8840830
    7    65536      0.25     16.8625040
    8    65536      0.25     16.8742370
    9    65536      0.25     16.9273520
   10    65536      0.25     16.8526700
    1    65536      0.50     40.4206160
    2    65536      0.50     33.2955430
    3    65536      0.50     33.3247050
    4    65536      0.50     33.2668320
    5    65536      0.50     33.2705500
    6    65536      0.50     33.2993310
    7    65536      0.50     33.2936500
    8    65536      0.50     33.2795470
    9    65536      0.50     33.2533740
   10    65536      0.50     33.2067180
    1    65536      0.75     60.3186690
    2    65536      0.75     49.8669740
    3    65536      0.75     49.5788150
    4    65536      0.75     49.5302720
    5    65536      0.75     49.5801200
    6    65536      0.75     49.5952940
    7    65536      0.75     49.8181170
    8    65536      0.75     49.5477900
    9    65536      0.75     49.5422560
   10    65536      0.75     49.6782780
    1    65536      0.90     72.2465930
    2    65536      0.90     59.3627490
    3    65536      0.90     59.5528130
    4    65536      0.90     59.5624200
    5    65536      0.90     59.5278170
    6    65536      0.90     59.5756730
    7    65536      0.90     59.5237110
    8    65536      0.90     59.4098880
    9    65536      0.90     59.4628320
   10    65536      0.90     59.4216770
    1    65536      0.95     76.4131620
    2    65536      0.95     62.7138090
    3    65536      0.95     62.6731220
    4    65536      0.95     63.0516800
    5    65536      0.95     62.8997150
    6    65536      0.95     62.6988350
    7    65536      0.95     63.0534100
    8    65536      0.95     62.6710440
    9    65536      0.95     62.7622130
   10    65536      0.95     62.8692830
    1    65536      0.99     79.6410260
    2    65536      0.99     65.5519860
    3    65536      0.99     65.4647140
    4    65536      0.99     65.2990510
    5    65536      0.99     65.4414530
    6    65536      0.99     65.5251370
    7    65536      0.99     65.3943830
    8    65536      0.99     65.3421230
    9    65536      0.99     65.3214360
   10    65536      0.99     65.4338540
    1    65536      1.00     80.0944350
    2    65536      1.00     65.9598360
    3    65536      1.00     66.0296240
    4    65536      1.00     66.0714430
    5    65536      1.00     66.1871990
    6    65536      1.00     66.3400360
    7    65536      1.00     66.4937220
    8    65536      1.00     66.9019920
    9    65536      1.00     66.1649910
   10    65536      1.00     66.2294270
    1   131072      0.00      1.1594280
    2   131072      0.00      1.0689080
    3   131072      0.00      1.0678890
    4   131072      0.00      1.1389710
    5   131072      0.00      1.0890520
    6   131072      0.00      1.0636580
    7   131072      0.00      1.0648260
    8   131072      0.00      1.1046840
    9   131072      0.00      1.0645720
   10   131072      0.00      1.0610420
    1   131072      0.01      2.7387860
    2   131072      0.01      2.4838950
    3   131072      0.01      2.4874210
    4   131072      0.01      2.4794650
    5   131072      0.01      2.5019520
    6   131072      0.01      2.4814140
    7   131072      0.01      2.4784720
    8   131072      0.01      2.5138950
    9   131072      0.01      2.4885970
   10   131072      0.01      2.4264120
    1   131072      0.05      9.4840140
    2   131072      0.05      7.9707100
    3   131072      0.05      7.9755840
    4   131072      0.05      7.9777140
    5   131072      0.05      7.9696100
    6   131072      0.05      7.9668640
    7   131072      0.05      7.9693160
    8   131072      0.05      8.0408140
    9   131072      0.05      8.0059050
   10   131072      0.05      7.9821060
    1   131072      0.10     17.7882160
    2   131072      0.10     14.8166150
    3   131072      0.10     14.8153620
    4   131072      0.10     14.8154380
    5   131072      0.10     14.8123710
    6   131072      0.10     14.8589770
    7   131072      0.10     14.8472330
    8   131072      0.10     14.8136370
    9   131072      0.10     15.0656110
   10   131072      0.10     15.0703450
    1   131072      0.25     43.6263990
    2   131072      0.25     35.6295870
    3   131072      0.25     35.8525860
    4   131072      0.25     35.9848430
    5   131072      0.25     36.0532800
    6   131072      0.25     35.6638900
    7   131072      0.25     35.5328980
    8   131072      0.25     35.5793890
    9   131072      0.25     35.5688080
   10   131072      0.25     35.5630110
    1   131072      0.50     85.3267340
    2   131072      0.50     70.7900120
    3   131072      0.50     70.4090880
    4   131072      0.50     70.3264030
    5   131072      0.50     70.5492140
    6   131072      0.50     70.3250900
    7   131072      0.50     70.3562940
    8   131072      0.50     70.2920590
    9   131072      0.50     70.3391800
   10   131072      0.50     70.4199640
    1   131072      0.75    127.5492340
    2   131072      0.75    106.1044700
    3   131072      0.75    106.1319930
    4   131072      0.75    106.1253870
    5   131072      0.75    105.9209930
    6   131072      0.75    105.8972420
    7   131072      0.75    105.8694830
    8   131072      0.75    105.8938400
    9   131072      0.75    106.3176640
   10   131072      0.75    105.9298930
    1   131072      0.90    153.2533230
    2   131072      0.90    127.5577780
    3   131072      0.90    127.3674140
    4   131072      0.90    127.2698640
    5   131072      0.90    135.4565380
    6   131072      0.90    128.2023270
    7   131072      0.90    128.1320930
    8   131072      0.90    128.1898000
    9   131072      0.90    127.6820010
   10   131072      0.90    127.4875070
    1   131072      0.95    161.6239600
    2   131072      0.95    135.4694670
    3   131072      0.95    134.1301700
    4   131072      0.95    135.3088110
    5   131072      0.95    135.4234780
    6   131072      0.95    135.8921360
    7   131072      0.95    135.6797620
    8   131072      0.95    134.2876080
    9   131072      0.95    134.0594730
   10   131072      0.95    134.1411760
    1   131072      0.99    168.2202970
    2   131072      0.99    140.5286350
    3   131072      0.99    141.7596900
    4   131072      0.99    140.8582610
    5   131072      0.99    140.1795060
    6   131072      0.99    139.9536130
    7   131072      0.99    139.9381520
    8   131072      0.99    140.4983750
    9   131072      0.99    140.1904340
   10   131072      0.99    140.2421060
    1   131072      1.00    170.4676950
    2   131072      1.00    142.1439040
    3   131072      1.00    141.4506620
    4   131072      1.00    141.5757450
    5   131072      1.00    141.6999450
    6   131072      1.00    141.4548660
    7   131072      1.00    141.5577930
    8   131072      1.00    142.1226800
    9   131072      1.00    141.5839830
   10   131072      1.00    141.5288380
    1   262144      0.00      2.3639690
    2   262144      0.00      2.0562230
    3   262144      0.00      2.0600780
    4   262144      0.00      2.0514760
    5   262144      0.00      2.0359620
    6   262144      0.00      2.0276560
    7   262144      0.00      2.0369740
    8   262144      0.00      2.0288620
    9   262144      0.00      2.0687360
   10   262144      0.00      2.0350760
    1   262144      0.01      5.6267570
    2   262144      0.01      4.9558320
    3   262144      0.01      4.8688340
    4   262144      0.01      4.8950840
    5   262144      0.01      4.9003650
    6   262144      0.01      4.9226270
    7   262144      0.01      4.8610110
    8   262144      0.01      4.8688990
    9   262144      0.01      4.8730240
   10   262144      0.01      4.8863140
    1   262144      0.05     19.4597700
    2   262144      0.05     16.2866370
    3   262144      0.05     16.1736990
    4   262144      0.05     16.1638340
    5   262144      0.05     16.1620750
    6   262144      0.05     16.1592270
    7   262144      0.05     16.1707230
    8   262144      0.05     16.4153130
    9   262144      0.05     16.2461170
   10   262144      0.05     16.2340940
    1   262144      0.10     36.7260750
    2   262144      0.10     30.4133820
    3   262144      0.10     30.3523280
    4   262144      0.10     30.3722680
    5   262144      0.10     30.3642720
    6   262144      0.10     30.3351210
    7   262144      0.10     30.3647490
    8   262144      0.10     30.4409910
    9   262144      0.10     30.4559880
   10   262144      0.10     30.4451050
    1   262144      0.25     88.8909180
    2   262144      0.25     73.4917810
    3   262144      0.25     73.2122710
    4   262144      0.25     73.3963180
    5   262144      0.25     73.1347650
    6   262144      0.25     73.2101770
    7   262144      0.25     73.1233910
    8   262144      0.25     73.2420730
    9   262144      0.25     73.0744870
   10   262144      0.25     73.0870800
    1   262144      0.50    174.9899960
    2   262144      0.50    146.3456610
    3   262144      0.50    146.3393530
    4   262144      0.50    146.4223960
    5   262144      0.50    146.0432330
    6   262144      0.50    146.4405870
    7   262144      0.50    146.0692350
    8   262144      0.50    146.5623820
    9   262144      0.50    147.4345340
   10   262144      0.50    146.4044030
    1   262144      0.75    262.2646500
    2   262144      0.75    219.3540920
    3   262144      0.75    219.3373770
    4   262144      0.75    219.9172160
    5   262144      0.75    219.8034350
    6   262144      0.75    219.7488960
    7   262144      0.75    219.7183350
    8   262144      0.75    219.8216060
    9   262144      0.75    219.8095160
   10   262144      0.75    219.4562100
    1   262144      0.90    321.4795880
    2   262144      0.90    263.3817570
    3   262144      0.90    263.2835800
    4   262144      0.90    263.0027240
    5   262144      0.90    263.1473740
    6   262144      0.90    263.4893770
    7   262144      0.90    263.2624020
    8   262144      0.90    263.0931260
    9   262144      0.90    263.4442920
   10   262144      0.90    268.0566400
    1   262144      0.95    335.8933780
    2   262144      0.95    281.5281980
    3   262144      0.95    279.7532090
    4   262144      0.95    278.0024530
    5   262144      0.95    277.8158130
    6   262144      0.95    277.8593320
    7   262144      0.95    278.2080650
    8   262144      0.95    277.9364980
    9   262144      0.95    278.1519790
   10   262144      0.95    278.0456080
    1   262144      0.99    345.8048150
    2   262144      0.99    289.4570450
    3   262144      0.99    288.9183370
    4   262144      0.99    289.5596520
    5   262144      0.99    289.4060680
    6   262144      0.99    289.4979910
    7   262144      0.99    290.6964280
    8   262144      0.99    289.6648710
    9   262144      0.99    288.9455950
   10   262144      0.99    289.3993150
    1   262144      1.00    349.2830970
    2   262144      1.00    295.2251740
    3   262144      1.00    292.1610520
    4   262144      1.00    292.6757470
    5   262144      1.00    292.2692880
    6   262144      1.00    298.3673410
    7   262144      1.00    292.7968960
    8   262144      1.00    291.4262410
    9   262144      1.00    291.5302570
   10   262144      1.00    291.3486800
    1   524288      0.00      4.7091780
    2   524288      0.00      4.0315930
    3   524288      0.00      3.9293500
    4   524288      0.00      3.9546670
    5   524288      0.00      3.9528950
    6   524288      0.00      3.9650490
    7   524288      0.00      3.9835240
    8   524288      0.00      3.9883300
    9   524288      0.00      3.9877520
   10   524288      0.00      4.0362200
    1   524288      0.01     11.2320200
    2   524288      0.01      9.7680460
    3   524288      0.01      9.7001100
    4   524288      0.01      9.6661440
    5   524288      0.01      9.7415500
    6   524288      0.01      9.6749940
    7   524288      0.01      9.6799900
    8   524288      0.01      9.6948560
    9   524288      0.01      9.7680610
   10   524288      0.01      9.7023940
    1   524288      0.05     38.9128490
    2   524288      0.05     32.4420660
    3   524288      0.05     32.3941860
    4   524288      0.05     32.4188650
    5   524288      0.05     32.3862090
    6   524288      0.05     32.4152450
    7   524288      0.05     32.5140730
    8   524288      0.05     32.6234540
    9   524288      0.05     32.4327070
   10   524288      0.05     32.4070250
    1   524288      0.10     73.5491620
    2   524288      0.10     61.3740510
    3   524288      0.10     61.2662940
    4   524288      0.10     61.2881650
    5   524288      0.10     61.2960270
    6   524288      0.10     61.6499690
    7   524288      0.10     61.5018160
    8   524288      0.10     61.4769590
    9   524288      0.10     61.7889700
   10   524288      0.10     61.9345040
    1   524288      0.25    178.5022750
    2   524288      0.25    148.9164600
    3   524288      0.25    149.5008690
    4   524288      0.25    149.0921020
    5   524288      0.25    149.1896740
    6   524288      0.25    152.8235050
    7   524288      0.25    149.0686050
    8   524288      0.25    150.1336000
    9   524288      0.25    149.0906990
   10   524288      0.25    149.5147250
    1   524288      0.50    353.3717600
    2   524288      0.50    296.2793840
    3   524288      0.50    296.7039420
    4   524288      0.50    297.6275480
    5   524288      0.50    296.5821100
    6   524288      0.50    296.4683210
    7   524288      0.50    296.2082430
    8   524288      0.50    296.3567030
    9   524288      0.50    297.9400780
   10   524288      0.50    303.4827560
    1   524288      0.75    531.9068640
    2   524288      0.75    442.2356680
    3   524288      0.75    443.0832550
    4   524288      0.75    444.3796780
    5   524288      0.75    442.2090130
    6   524288      0.75    447.3347480
    7   524288      0.75    445.7388360
    8   524288      0.75    443.0168230
    9   524288      0.75    443.1099450
   10   524288      0.75    443.8569940
    1   524288      0.90    632.8907130
    2   524288      0.90    534.9040440
    3   524288      0.90    531.2700600
    4   524288      0.90    532.1188010
    5   524288      0.90    532.8402280
    6   524288      0.90    532.3127200
    7   524288      0.90    532.0413640
    8   524288      0.90    548.7653670
    9   524288      0.90    531.6785610
   10   524288      0.90    534.7091380
    1   524288      0.95    677.2234490
    2   524288      0.95    562.1484960
    3   524288      0.95    560.4339200
    4   524288      0.95    567.7296470
    5   524288      0.95    561.9716840
    6   524288      0.95    560.5520780
    7   524288      0.95    560.2944290
    8   524288      0.95    559.9492290
    9   524288      0.95    562.7379080
   10   524288      0.95    563.9459060
    1   524288      0.99    695.8254730
    2   524288      0.99    583.1374140
    3   524288      0.99    583.1785330
    4   524288      0.99    585.4758720
    5   524288      0.99    584.6200860
    6   524288      0.99    583.9709480
    7   524288      0.99    628.3079320
    8   524288      0.99    593.0287810
    9   524288      0.99    585.3533250
   10   524288      0.99    582.9738560
    1   524288      1.00    703.0539140
    2   524288      1.00    589.0865830
    3   524288      1.00    588.5616230
    4   524288      1.00    588.6939540
    5   524288      1.00    588.7155270
    6   524288      1.00    589.7296700
    7   524288      1.00    589.7862760
    8   524288      1.00    591.6705190
    9   524288      1.00    590.7237940
   10   524288      1.00    589.7975310
    1  1048576      0.00      9.4648560
    2  1048576      0.00      8.0625860
    3  1048576      0.00      7.9067870
    4  1048576      0.00      7.9281270
    5  1048576      0.00      7.9236290
    6  1048576      0.00      7.8817560
    7  1048576      0.00      7.9136200
    8  1048576      0.00      7.8988950
    9  1048576      0.00      7.9331210
   10  1048576      0.00      7.9038910
    1  1048576      0.01     22.4639640
    2  1048576      0.01     19.8732880
    3  1048576      0.01     19.7259770
    4  1048576      0.01     19.7401190
    5  1048576      0.01     19.7202610
    6  1048576      0.01     19.6664180
    7  1048576      0.01     19.6456770
    8  1048576      0.01     19.6994670
    9  1048576      0.01     19.6417860
   10  1048576      0.01     19.7570620
    1  1048576      0.05     78.5463680
    2  1048576      0.05     66.9528480
    3  1048576      0.05     67.0470350
    4  1048576      0.05     66.9634290
    5  1048576      0.05     66.8841700
    6  1048576      0.05     66.8602800
    7  1048576      0.05     66.8340590
    8  1048576      0.05     66.8823070
    9  1048576      0.05     66.8565680
   10  1048576      0.05     66.8103920
    1  1048576      0.10    148.2524750
    2  1048576      0.10    126.1037180
    3  1048576      0.10    127.5972660
    4  1048576      0.10    127.4091970
    5  1048576      0.10    127.6564680
    6  1048576      0.10    136.0233320
    7  1048576      0.10    130.2982250
    8  1048576      0.10    130.4235610
    9  1048576      0.10    126.1423940
   10  1048576      0.10    127.5199570
    1  1048576      0.25    360.0508180
    2  1048576      0.25    302.9618320
    3  1048576      0.25    303.4267390
    4  1048576      0.25    303.6519020
    5  1048576      0.25    303.0636300
    6  1048576      0.25    302.8852300
    7  1048576      0.25    303.3253300
    8  1048576      0.25    302.3645390
    9  1048576      0.25    302.5619290
   10  1048576      0.25    302.5430520
    1  1048576      0.50    714.8526790
    2  1048576      0.50    597.5503150
    3  1048576      0.50    598.2121160
    4  1048576      0.50    600.2239090
    5  1048576      0.50    597.1324800
    6  1048576      0.50    595.6836410
    7  1048576      0.50    597.3318240
    8  1048576      0.50    600.3323440
    9  1048576      0.50    608.6406120
   10  1048576      0.50    604.2444290
    1  1048576      0.75   1064.7268850
    2  1048576      0.75    930.5300840
    3  1048576      0.75    892.7174410
    4  1048576      0.75    928.7576080
    5  1048576      0.75    890.7550400
    6  1048576      0.75    889.8703640
    7  1048576      0.75    892.9288130
    8  1048576      0.75    895.3006910
    9  1048576      0.75    894.7835430
   10  1048576      0.75    891.7271040
    1  1048576      0.90   1286.2859340
    2  1048576      0.90   1065.9286940
    3  1048576      0.90   1072.8222610
    4  1048576      0.90   1071.3142480
    5  1048576      0.90   1078.0264870
    6  1048576      0.90   1075.4503530
    7  1048576      0.90   1068.7861600
    8  1048576      0.90   1071.6616490
    9  1048576      0.90   1078.5728450
   10  1048576      0.90   1067.3114730
    1  1048576      0.95   1365.3017010
    2  1048576      0.95   1130.3319390
    3  1048576      0.95   1129.6627560
    4  1048576      0.95   1145.0662210
    5  1048576      0.95   1136.8571800
    6  1048576      0.95   1134.3360400
    7  1048576      0.95   1131.2341920
    8  1048576      0.95   1129.8016350
    9  1048576      0.95   1129.5486820
   10  1048576      0.95   1157.7189600
    1  1048576      0.99   1406.3734060
    2  1048576      0.99   1181.4571170
    3  1048576      0.99   1174.6095470
    4  1048576      0.99   1197.5644360
    5  1048576      0.99   1208.6857780
    6  1048576      0.99   1177.1218420
    7  1048576      0.99   1173.9188340
    8  1048576      0.99   1173.6567100
    9  1048576      0.99   1238.3331310
   10  1048576      0.99   1176.6478870
    1  1048576      1.00   1418.6373470
    2  1048576      1.00   1186.4543570
    3  1048576      1.00   1185.0651610
    4  1048576      1.00   1189.1007990
    5  1048576      1.00   1221.9186850
    6  1048576      1.00   1186.1441660
    7  1048576      1.00   1198.3230450
    8  1048576      1.00   1188.5607950
    9  1048576      1.00   1185.4780600
   10  1048576      1.00   1185.0621680
