    1       32      0.00      0.0145780
    2       32      0.00      0.0041600
    3       32      0.00      0.0031710
    4       32      0.00      0.0031660
    5       32      0.00      0.0029400
    6       32      0.00      0.0028460
    7       32      0.00      0.0026820
    8       32      0.00      0.0028390
    9       32      0.00      0.0026200
   10       32      0.00      0.0027280
    1       32      0.01      0.0028920
    2       32      0.01      0.0026690
    3       32      0.01      0.0026910
    4       32      0.01      0.0026410
    5       32      0.01      0.0026590
    6       32      0.01      0.0026020
    7       32      0.01      0.0027310
    8       32      0.01      0.0025580
    9       32      0.01      0.0027070
   10       32      0.01      0.0026430
    1       32      0.05      0.0346900
    2       32      0.05      0.0082350
    3       32      0.05      0.0054100
    4       32      0.05      0.0050710
    5       32      0.05      0.0047780
    6       32      0.05      0.0048760
    7       32      0.05      0.0047480
    8       32      0.05      0.0047400
    9       32      0.05      0.0048230
   10       32      0.05      0.0047260
    1       32      0.10      0.0092970
    2       32      0.10      0.0078660
    3       32      0.10      0.0074530
    4       32      0.10      0.0072600
    5       32      0.10      0.0072720
    6       32      0.10      0.0070550
    7       32      0.10      0.0071250
    8       32      0.10      0.0072380
    9       32      0.10      0.0073160
   10       32      0.10      0.0071340
    1       32      0.25      0.0155470
    2       32      0.25      0.0137110
    3       32      0.25      0.0133850
    4       32      0.25      0.0131180
    5       32      0.25      0.0133920
    6       32      0.25      0.0133790
    7       32      0.25      0.0133160
    8       32      0.25      0.0135200
    9       32      0.25      0.0134950
   10       32      0.25      0.0133150
    1       32      0.50      0.0263130
    2       32      0.50      0.0231610
    3       32      0.50      0.0229020
    4       32      0.50      0.0226420
    5       32      0.50      0.0228330
    6       32      0.50      0.0227580
    7       32      0.50      0.0226830
    8       32      0.50      0.0227120
    9       32      0.50      0.0329800
   10       32      0.50      0.0233480
    1       32      0.75      0.0371140
    2       32      0.75      0.0325930
    3       32      0.75      0.0323160
    4       32      0.75      0.0322560
    5       32      0.75      0.0323020
    6       32      0.75      0.0322420
    7       32      0.75      0.0322860
    8       32      0.75      0.0321130
    9       32      0.75      0.0322320
   10       32      0.75      0.0321900
    1       32      0.90      0.0424420
    2       32      0.90      0.0372810
    3       32      0.90      0.0369790
    4       32      0.90      0.0368870
    5       32      0.90      0.0368710
    6       32      0.90      0.0369000
    7       32      0.90      0.0531860
    8       32      0.90      0.0368930
    9       32      0.90      0.0370230
   10       32      0.90      0.0369870
    1       32      0.95      0.0450070
    2       32      0.95      0.0394650
    3       32      0.95      0.0391040
    4       32      0.95      0.0392310
    5       32      0.95      0.0391150
    6       32      0.95      0.0392720
    7       32      0.95      0.0392160
    8       32      0.95      0.0392770
    9       32      0.95      0.0392670
   10       32      0.95      0.0391960
    1       32      0.99      0.0465000
    2       32      0.99      0.0407360
    3       32      0.99      0.0405450
    4       32      0.99      0.0404260
    5       32      0.99      0.0404100
    6       32      0.99      0.0403410
    7       32      0.99      0.0404420
    8       32      0.99      0.0404520
    9       32      0.99      0.0403450
   10       32      0.99      0.0402710
    1       32      1.00      0.0476500
    2       32      1.00      0.0418850
    3       32      1.00      0.0415720
    4       32      1.00      0.0491810
    5       32      1.00      0.0436970
    6       32      1.00      0.0421660
    7       32      1.00      0.0420330
    8       32      1.00      0.0417000
    9       32      1.00      0.0418340
   10       32      1.00      0.0417860
    1       64      0.00      0.0081200
    2       64      0.00      0.0044360
    3       64      0.00      0.0041450
    4       64      0.00      0.0042110
    5       64      0.00      0.0040640
    6       64      0.00      0.0040940
    7       64      0.00      0.0041860
    8       64      0.00      0.0041670
    9       64      0.00      0.0041330
   10       64      0.00      0.0041890
    1       64      0.01      0.0042560
    2       64      0.01      0.0042630
    3       64      0.01      0.0041100
    4       64      0.01      0.0040320
    5       64      0.01      0.0040680
    6       64      0.01      0.0040630
    7       64      0.01      0.0040330
    8       64      0.01      0.0041110
    9       64      0.01      0.0041680
   10       64      0.01      0.0040370
    1       64      0.05      0.0117520
    2       64      0.05      0.0090620
    3       64      0.05      0.0085650
    4       64      0.05      0.0085930
    5       64      0.05      0.0084230
    6       64      0.05      0.0082920
    7       64      0.05      0.0082470
    8       64      0.05      0.0084450
    9       64      0.05      0.0087060
   10       64      0.05      0.0086430
    1       64      0.10      0.0142490
    2       64      0.10      0.0128770
    3       64      0.10      0.0123130
    4       64      0.10      0.0124250
    5       64      0.10      0.0122110
    6       64      0.10      0.0123270
    7       64      0.10      0.0121570
    8       64      0.10      0.0122170
    9       64      0.10      0.0121680
   10       64      0.10      0.0122850
    1       64      0.25      0.0277030
    2       64      0.25      0.0248310
    3       64      0.25      0.0243740
    4       64      0.25      0.0241050
    5       64      0.25      0.0242380
    6       64      0.25      0.0242410
    7       64      0.25      0.0241250
    8       64      0.25      0.0242170
    9       64      0.25      0.0241570
   10       64      0.25      0.0241980
    1       64      0.50      0.0600640
    2       64      0.50      0.0422940
    3       64      0.50      0.0418580
    4       64      0.50      0.0592470
    5       64      0.50      0.0439690
    6       64      0.50      0.0433200
    7       64      0.50      0.0432870
    8       64      0.50      0.0432940
    9       64      0.50      0.0433000
   10       64      0.50      0.0539450
    1       64      0.75      0.0687130
    2       64      0.75      0.0608300
    3       64      0.75      0.0603120
    4       64      0.75      0.0604570
    5       64      0.75      0.0730010
    6       64      0.75      0.0621730
    7       64      0.75      0.0624360
    8       64      0.75      0.0623670
    9       64      0.75      0.0625640
   10       64      0.75      0.0623230
    1       64      0.90      0.0939600
    2       64      0.90      0.0709030
    3       64      0.90      0.0706070
    4       64      0.90      0.0705640
    5       64      0.90      0.0704550
    6       64      0.90      0.0709660
    7       64      0.90      0.0709980
    8       64      0.90      0.0707310
    9       64      0.90      0.0706120
   10       64      0.90      0.0703690
    1       64      0.95      0.0845890
    2       64      0.95      0.0744420
    3       64      0.95      0.0741730
    4       64      0.95      0.0871490
    5       64      0.95      0.0764200
    6       64      0.95      0.0765460
    7       64      0.95      0.0862160
    8       64      0.95      0.0740290
    9       64      0.95      0.0741180
   10       64      0.95      0.0740040
    1       64      0.99      0.0884470
    2       64      0.99      0.0937150
    3       64      0.99      0.0775860
    4       64      0.99      0.0773530
    5       64      0.99      0.0778530
    6       64      0.99      0.0774820
    7       64      0.99      0.2108310
    8       64      0.99      0.2056720
    9       64      0.99      0.1048380
   10       64      0.99      0.0912640
    1       64      1.00      0.1032190
    2       64      1.00      0.0791890
    3       64      1.00      0.0787000
    4       64      1.00      0.0787500
    5       64      1.00      0.0787320
    6       64      1.00      0.0785030
    7       64      1.00      0.0785230
    8       64      1.00      0.0917260
    9       64      1.00      0.0812770
   10       64      1.00      0.0809090
    1      128      0.00      0.0121510
    2      128      0.00      0.0072060
    3      128      0.00      0.0070580
    4      128      0.00      0.0067800
    5      128      0.00      0.0068630
    6      128      0.00      0.0068140
    7      128      0.00      0.0067880
    8      128      0.00      0.0067450
    9      128      0.00      0.0067360
   10      128      0.00      0.0068250
    1      128      0.01      0.0104520
    2      128      0.01      0.0093180
    3      128      0.01      0.0087860
    4      128      0.01      0.0087260
    5      128      0.01      0.0088820
    6      128      0.01      0.0087830
    7      128      0.01      0.0087150
    8      128      0.01      0.0088200
    9      128      0.01      0.0087340
   10      128      0.01      0.0088410
    1      128      0.05      0.0167110
    2      128      0.05      0.0151080
    3      128      0.05      0.0146170
    4      128      0.05      0.0152340
    5      128      0.05      0.0153490
    6      128      0.05      0.0150930
    7      128      0.05      0.0151140
    8      128      0.05      0.0151300
    9      128      0.05      0.0151260
   10      128      0.05      0.0149680
    1      128      0.10      0.0250840
    2      128      0.10      0.0226670
    3      128      0.10      0.0217300
    4      128      0.10      0.0216540
    5      128      0.10      0.0216140
    6      128      0.10      0.0214350
    7      128      0.10      0.0217820
    8      128      0.10      0.0215940
    9      128      0.10      0.0215860
   10      128      0.10      0.0216580
    1      128      0.25      0.0618860
    2      128      0.25      0.0463450
    3      128      0.25      0.0460070
    4      128      0.25      0.0461960
    5      128      0.25      0.0459320
    6      128      0.25      0.0461760
    7      128      0.25      0.0461550
    8      128      0.25      0.0459410
    9      128      0.25      0.0460150
   10      128      0.25      0.0459190
    1      128      0.50      0.0957210
    2      128      0.50      0.0941990
    3      128      0.50      0.0817160
    4      128      0.50      0.0816410
    5      128      0.50      0.0816190
    6      128      0.50      0.1036970
    7      128      0.50      0.0851020
    8      128      0.50      0.0843360
    9      128      0.50      0.0841040
   10      128      0.50      0.0815180
    1      128      0.75      0.1349490
    2      128      0.75      0.1188580
    3      128      0.75      0.1332790
    4      128      0.75      0.1221840
    5      128      0.75      0.1307170
    6      128      0.75      0.1184520
    7      128      0.75      0.1185090
    8      128      0.75      0.1184330
    9      128      0.75      0.1182840
   10      128      0.75      0.1189190
    1      128      0.90      0.1759970
    2      128      0.90      0.1550850
    3      128      0.90      0.1405810
    4      128      0.90      0.1400090
    5      128      0.90      0.1401200
    6      128      0.90      0.1407290
    7      128      0.90      0.1403800
    8      128      0.90      0.1400840
    9      128      0.90      0.1404510
   10      128      0.90      0.1404590
    1      128      0.95      0.1676280
    2      128      0.95      0.1473510
    3      128      0.95      0.1468350
    4      128      0.95      0.1624440
    5      128      0.95      0.1521480
    6      128      0.95      0.1605090
    7      128      0.95      0.1468610
    8      128      0.95      0.1606060
    9      128      0.95      0.1675690
   10      128      0.95      0.1534120
    1      128      0.99      0.1802700
    2      128      0.99      0.1579030
    3      128      0.99      0.1576580
    4      128      0.99      0.1579320
    5      128      0.99      0.1576790
    6      128      0.99      0.1570960
    7      128      0.99      0.1579310
    8      128      0.99      0.1579820
    9      128      0.99      0.1575580
   10      128      0.99      0.1574220
    1      128      1.00      0.1823500
    2      128      1.00      0.1603820
    3      128      1.00      0.1602660
    4      128      1.00      0.1598000
    5      128      1.00      0.1600540
    6      128      1.00      0.1667110
    7      128      1.00      0.1608800
    8      128      1.00      0.1601060
    9      128      1.00      0.1602400
   10      128      1.00      0.1606890
    1      256      0.00      0.0237290
    2      256      0.00      0.0121700
    3      256      0.00      0.0119660
    4      256      0.00      0.0118420
    5      256      0.00      0.0119100
    6      256      0.00      0.0117470
    7      256      0.00      0.0118140
    8      256      0.00      0.0118070
    9      256      0.00      0.0117810
   10      256      0.00      0.0117430
    1      256      0.01      0.0174600
    2      256      0.01      0.0157060
    3      256      0.01      0.0154120
    4      256      0.01      0.0153120
    5      256      0.01      0.0153660
    6      256      0.01      0.0153240
    7      256      0.01      0.0153190
    8      256      0.01      0.0152940
    9      256      0.01      0.0152870
   10      256      0.01      0.0153640
    1      256      0.05      0.0303760
    2      256      0.05      0.0277430
    3      256      0.05      0.0274630
    4      256      0.05      0.0274490
    5      256      0.05      0.0274860
    6      256      0.05      0.0275300
    7      256      0.05      0.0275240
    8      256      0.05      0.0275230
    9      256      0.05      0.0274070
   10      256      0.05      0.0275990
    1      256      0.10      0.0480180
    2      256      0.10      0.0432680
    3      256      0.10      0.0429260
    4      256      0.10      0.0429090
    5      256      0.10      0.0429540
    6      256      0.10      0.0430180
    7      256      0.10      0.0429410
    8      256      0.10      0.0430950
    9      256      0.10      0.0429340
   10      256      0.10      0.0427330
    1      256      0.25      0.1009540
    2      256      0.25      0.0898820
    3      256      0.25      0.0893850
    4      256      0.25      0.0894500
    5      256      0.25      0.0896200
    6      256      0.25      0.0895190
    7      256      0.25      0.0892500
    8      256      0.25      0.0892580
    9      256      0.25      0.0894180
   10      256      0.25      0.0893940
    1      256      0.50      0.1879030
    2      256      0.50      0.1659370
    3      256      0.50      0.1654780
    4      256      0.50      0.1657130
    5      256      0.50      0.1691270
    6      256      0.50      0.1657410
    7      256      0.50      0.1655940
    8      256      0.50      0.1655760
    9      256      0.50      0.1654330
   10      256      0.50      0.1658690
    1      256      0.75      0.2750980
    2      256      0.75      0.2424440
    3      256      0.75      0.2418330
    4      256      0.75      0.2415670
    5      256      0.75      0.2417640
    6      256      0.75      0.2418320
    7      256      0.75      0.2425550
    8      256      0.75      0.2420060
    9      256      0.75      0.2416730
   10      256      0.75      0.2416400
    1      256      0.90      0.3266970
    2      256      0.90      0.2919370
    3      256      0.90      0.3130610
    4      256      0.90      0.3092480
    5      256      0.90      0.3086850
    6      256      0.90      0.3094560
    7      256      0.90      0.3092860
    8      256      0.90      0.3087770
    9      256      0.90      0.2989490
   10      256      0.90      0.2977810
    1      256      0.95      0.3645370
    2      256      0.95      0.3248840
    3      256      0.95      0.3112220
    4      256      0.95      0.3129140
    5      256      0.95      0.3235480
    6      256      0.95      0.3236250
    7      256      0.95      0.3236170
    8      256      0.95      0.3236830
    9      256      0.95      0.3247200
   10      256      0.95      0.3239640
    1      256      0.99      0.3769310
    2      256      0.99      0.3657890
    3      256      0.99      0.3353440
    4      256      0.99      0.3359450
    5      256      0.99      0.3296640
    6      256      0.99      0.3237710
    7      256      0.99      0.3548590
    8      256      0.99      0.3458080
    9      256      0.99      0.3417500
   10      256      0.99      0.3345920
    1      256      1.00      0.3800970
    2      256      1.00      0.3694610
    3      256      1.00      0.3502670
    4      256      1.00      0.3488700
    5      256      1.00      0.3390710
    6      256      1.00      0.3328460
    7      256      1.00      0.3281030
    8      256      1.00      0.3958900
    9      256      1.00      0.3276950
   10      256      1.00      0.3477080
    1      512      0.00      0.0450800
    2      512      0.00      0.0224990
    3      512      0.00      0.0224220
    4      512      0.00      0.0222680
    5      512      0.00      0.0222650
    6      512      0.00      0.0222460
    7      512      0.00      0.0222120
    8      512      0.00      0.0222450
    9      512      0.00      0.0221160
   10      512      0.00      0.0221070
    1      512      0.01      0.0326630
    2      512      0.01      0.0299970
    3      512      0.01      0.0295560
    4      512      0.01      0.0296920
    5      512      0.01      0.0295620
    6      512      0.01      0.0295210
    7      512      0.01      0.0294860
    8      512      0.01      0.0295790
    9      512      0.01      0.0294930
   10      512      0.01      0.0294990
    1      512      0.05      0.0587400
    2      512      0.05      0.0538160
    3      512      0.05      0.0536240
    4      512      0.05      0.0534340
    5      512      0.05      0.0535050
    6      512      0.05      0.0535760
    7      512      0.05      0.0536690
    8      512      0.05      0.0536090
    9      512      0.05      0.0535180
   10      512      0.05      0.0534620
    1      512      0.10      0.0938240
    2      512      0.10      0.0847620
    3      512      0.10      0.0845150
    4      512      0.10      0.0846230
    5      512      0.10      0.0845890
    6      512      0.10      0.0847170
    7      512      0.10      0.0846130
    8      512      0.10      0.0845070
    9      512      0.10      0.0886130
   10      512      0.10      0.0848510
    1      512      0.25      0.1991260
    2      512      0.25      0.1768610
    3      512      0.25      0.1767210
    4      512      0.25      0.1765300
    5      512      0.25      0.1768170
    6      512      0.25      0.1764690
    7      512      0.25      0.1766090
    8      512      0.25      0.1771630
    9      512      0.25      0.1768270
   10      512      0.25      0.1761280
    1      512      0.50      0.3731790
    2      512      0.50      0.3302700
    3      512      0.50      0.3299610
    4      512      0.50      0.3394500
    5      512      0.50      0.3838380
    6      512      0.50      0.3330660
    7      512      0.50      0.3386660
    8      512      0.50      0.3509430
    9      512      0.50      0.3608750
   10      512      0.50      0.3797760
    1      512      0.75      0.5584550
    2      512      0.75      0.5271570
    3      512      0.75      0.4994550
    4      512      0.75      0.5165630
    5      512      0.75      0.5546200
    6      512      0.75      0.5198340
    7      512      0.75      0.5405060
    8      512      0.75      0.5173040
    9      512      0.75      0.5168080
   10      512      0.75      0.5409380
    1      512      0.90      0.6612730
    2      512      0.90      0.6029640
    3      512      0.90      0.5981090
    4      512      0.90      0.5916520
    5      512      0.90      0.6058680
    6      512      0.90      0.5745330
    7      512      0.90      0.5908670
    8      512      0.90      0.6127560
    9      512      0.90      0.5883600
   10      512      0.90      0.6068380
    1      512      0.95      0.7202330
    2      512      0.95      0.6251060
    3      512      0.95      0.6514290
    4      512      0.95      0.6467500
    5      512      0.95      0.6302710
    6      512      0.95      0.6273760
    7      512      0.95      0.6359190
    8      512      0.95      0.6328410
    9      512      0.95      0.6415680
   10      512      0.95      0.6557550
    1      512      0.99      0.7445350
    2      512      0.99      0.6655850
    3      512      0.99      0.6630060
    4      512      0.99      0.6628740
    5      512      0.99      0.6615420
    6      512      0.99      0.6801480
    7      512      0.99      0.6330950
    8      512      0.99      0.6461120
    9      512      0.99      0.6548560
   10      512      0.99      0.6826490
    1      512      1.00      0.7276850
    2      512      1.00      0.6788980
    3      512      1.00      0.6478350
    4      512      1.00      0.6671030
    5      512      1.00      0.6701720
    6      512      1.00      0.6690490
    7      512      1.00      0.6688010
    8      512      1.00      0.6697140
    9      512      1.00      0.6708450
   10      512      1.00      0.6707610
    1     1024      0.00      0.0937300
    2     1024      0.00      0.0431290
    3     1024      0.00      0.0430210
    4     1024      0.00      0.0428380
    5     1024      0.00      0.0427180
    6     1024      0.00      0.0426670
    7     1024      0.00      0.0427240
    8     1024      0.00      0.0427860
    9     1024      0.00      0.0427890
   10     1024      0.00      0.0427750
    1     1024      0.01      0.0604490
    2     1024      0.01      0.0568000
    3     1024      0.01      0.0564070
    4     1024      0.01      0.0565010
    5     1024      0.01      0.0565210
    6     1024      0.01      0.0565950
    7     1024      0.01      0.0564860
    8     1024      0.01      0.0565250
    9     1024      0.01      0.0565460
   10     1024      0.01      0.0565670
    1     1024      0.05      0.1148360
    2     1024      0.05      0.1059550
    3     1024      0.05      0.1057310
    4     1024      0.05      0.1059600
    5     1024      0.05      0.1057830
    6     1024      0.05      0.1056740
    7     1024      0.05      0.1058630
    8     1024      0.05      0.1098670
    9     1024      0.05      0.1057550
   10     1024      0.05      0.1059150
    1     1024      0.10      0.1845340
    2     1024      0.10      0.1672670
    3     1024      0.10      0.1668790
    4     1024      0.10      0.1668720
    5     1024      0.10      0.1671070
    6     1024      0.10      0.1664080
    7     1024      0.10      0.1666960
    8     1024      0.10      0.1665420
    9     1024      0.10      0.1668460
   10     1024      0.10      0.1665950
    1     1024      0.25      0.3935300
    2     1024      0.25      0.3510560
    3     1024      0.25      0.3516580
    4     1024      0.25      0.3508590
    5     1024      0.25      0.3654040
    6     1024      0.25      0.3508280
    7     1024      0.25      0.3623780
    8     1024      0.25      0.3730270
    9     1024      0.25      0.3634330
   10     1024      0.25      0.3604420
    1     1024      0.50      0.7593490
    2     1024      0.50      0.7010790
    3     1024      0.50      0.7096040
    4     1024      0.50      0.6599770
    5     1024      0.50      0.6897200
    6     1024      0.50      0.6919070
    7     1024      0.50      0.6852560
    8     1024      0.50      0.6794230
    9     1024      0.50      0.6922880
   10     1024      0.50      0.6771010
    1     1024      0.75      1.0874840
    2     1024      0.75      1.0015860
    3     1024      0.75      1.0218600
    4     1024      0.75      0.9581510
    5     1024      0.75      1.0280360
    6     1024      0.75      1.0038330
    7     1024      0.75      0.9962800
    8     1024      0.75      0.9962740
    9     1024      0.75      0.9215910
   10     1024      0.75      0.9932610
    1     1024      0.90      1.3033990
    2     1024      0.90      1.1120100
    3     1024      0.90      1.1243150
    4     1024      0.90      1.1454440
    5     1024      0.90      1.1390300
    6     1024      0.90      1.1239930
    7     1024      0.90      1.1281240
    8     1024      0.90      1.1633360
    9     1024      0.90      1.1222260
   10     1024      0.90      1.1248370
    1     1024      0.95      1.3696500
    2     1024      0.95      1.1667370
    3     1024      0.95      1.1777990
    4     1024      0.95      1.1782270
    5     1024      0.95      1.1788520
    6     1024      0.95      1.1806390
    7     1024      0.95      1.1826950
    8     1024      0.95      1.2195940
    9     1024      0.95      1.2081650
   10     1024      0.95      1.2098340
    1     1024      0.99      1.4149120
    2     1024      0.99      1.2256120
    3     1024      0.99      1.2252570
    4     1024      0.99      1.2663710
    5     1024      0.99      1.2501740
    6     1024      0.99      1.2244610
    7     1024      0.99      1.2447690
    8     1024      0.99      1.2349400
    9     1024      0.99      1.2238530
   10     1024      0.99      1.2514730
    1     1024      1.00      1.4000240
    2     1024      1.00      1.2653670
    3     1024      1.00      1.2670960
    4     1024      1.00      1.2715290
    5     1024      1.00      1.2633520
    6     1024      1.00      1.2645870
    7     1024      1.00      1.2759450
    8     1024      1.00      1.2653150
    9     1024      1.00      1.2965950
   10     1024      1.00      1.3042460
    1     2048      0.00      0.2171780
    2     2048      0.00      0.1383390
    3     2048      0.00      0.1534960
    4     2048      0.00      0.1421910
    5     2048      0.00      0.1419360
    6     2048      0.00      0.1422350
    7     2048      0.00      0.1418760
    8     2048      0.00      0.1424390
    9     2048      0.00      0.1418580
   10     2048      0.00      0.1419240
    1     2048      0.01      0.1753390
    2     2048      0.01      0.1702130
    3     2048      0.01      0.1695340
    4     2048      0.01      0.1691100
    5     2048      0.01      0.1689940
    6     2048      0.01      0.1688650
    7     2048      0.01      0.1733700
    8     2048      0.01      0.1692950
    9     2048      0.01      0.1692260
   10     2048      0.01      0.1690900
    1     2048      0.05      0.3040060
    2     2048      0.05      0.2998270
    3     2048      0.05      0.2952520
    4     2048      0.05      0.2970590
    5     2048      0.05      0.2854870
    6     2048      0.05      0.3110010
    7     2048      0.05      0.3106180
    8     2048      0.05      0.3085220
    9     2048      0.05      0.2896110
   10     2048      0.05      0.3079720
    1     2048      0.10      0.4504920
    2     2048      0.10      0.4217010
    3     2048      0.10      0.4011280
    4     2048      0.10      0.4108680
    5     2048      0.10      0.4101430
    6     2048      0.10      0.4097970
    7     2048      0.10      0.4413880
    8     2048      0.10      0.4328210
    9     2048      0.10      0.4115140
   10     2048      0.10      0.4048090
    1     2048      0.25      0.8427790
    2     2048      0.25      0.8019460
    3     2048      0.25      0.7987780
    4     2048      0.25      0.8103570
    5     2048      0.25      0.8322970
    6     2048      0.25      0.7977710
    7     2048      0.25      0.8241400
    8     2048      0.25      0.7899080
    9     2048      0.25      0.7874280
   10     2048      0.25      0.8414740
    1     2048      0.50      1.4714870
    2     2048      0.50      1.3238730
    3     2048      0.50      1.3598920
    4     2048      0.50      1.3170100
    5     2048      0.50      1.3250810
    6     2048      0.50      1.3704430
    7     2048      0.50      1.3443290
    8     2048      0.50      1.3199650
    9     2048      0.50      1.3580260
   10     2048      0.50      1.3549640
    1     2048      0.75      2.1943090
    2     2048      0.75      1.8267190
    3     2048      0.75      1.9367050
    4     2048      0.75      1.8938030
    5     2048      0.75      1.9251850
    6     2048      0.75      1.8750620
    7     2048      0.75      1.9295430
    8     2048      0.75      1.8582050
    9     2048      0.75      1.8994400
   10     2048      0.75      1.9026600
    1     2048      0.90      2.5024100
    2     2048      0.90      2.2268070
    3     2048      0.90      2.3504800
    4     2048      0.90      2.2241010
    5     2048      0.90      2.2846030
    6     2048      0.90      2.2108370
    7     2048      0.90      2.2376100
    8     2048      0.90      2.2806300
    9     2048      0.90      2.1840110
   10     2048      0.90      2.2769420
    1     2048      0.95      2.5945500
    2     2048      0.95      2.3731400
    3     2048      0.95      2.3675830
    4     2048      0.95      2.3360290
    5     2048      0.95      2.3420940
    6     2048      0.95      2.3040220
    7     2048      0.95      2.3624000
    8     2048      0.95      2.3340180
    9     2048      0.95      2.3028170
   10     2048      0.95      2.3857210
    1     2048      0.99      2.6599300
    2     2048      0.99      2.4071210
    3     2048      0.99      2.4529840
    4     2048      0.99      2.3863340
    5     2048      0.99      2.4519360
    6     2048      0.99      2.3906300
    7     2048      0.99      2.4277370
    8     2048      0.99      2.4384190
    9     2048      0.99      2.3510950
   10     2048      0.99      2.4606010
    1     2048      1.00      2.7783220
    2     2048      1.00      2.4027350
    3     2048      1.00      2.5027430
    4     2048      1.00      2.4118200
    5     2048      1.00      2.4590890
    6     2048      1.00      2.4710980
    7     2048      1.00      2.4369060
    8     2048      1.00      2.4899710
    9     2048      1.00      2.5307620
   10     2048      1.00      2.4254130
    1     4096      0.00      0.3552340
    2     4096      0.00      0.3535360
    3     4096      0.00      0.3550230
    4     4096      0.00      0.3413460
    5     4096      0.00      0.3488840
    6     4096      0.00      0.3491000
    7     4096      0.00      0.3345950
    8     4096      0.00      0.3342570
    9     4096      0.00      0.3629180
   10     4096      0.00      0.3338830
    1     4096      0.01      0.3848020
    2     4096      0.01      0.3817400
    3     4096      0.01      0.3935140
    4     4096      0.01      0.4186970
    5     4096      0.01      0.4155210
    6     4096      0.01      0.3824620
    7     4096      0.01      0.3812520
    8     4096      0.01      0.3824710
    9     4096      0.01      0.3809820
   10     4096      0.01      0.4041110
    1     4096      0.05      0.6041030
    2     4096      0.05      0.6158250
    3     4096      0.05      0.5732080
    4     4096      0.05      0.5880470
    5     4096      0.05      0.5837090
    6     4096      0.05      0.5936120
    7     4096      0.05      0.5946090
    8     4096      0.05      0.5784570
    9     4096      0.05      0.6416760
   10     4096      0.05      0.5709020
    1     4096      0.10      0.8483340
    2     4096      0.10      0.8162320
    3     4096      0.10      0.8249980
    4     4096      0.10      0.8572200
    5     4096      0.10      0.7893490
    6     4096      0.10      0.8286610
    7     4096      0.10      0.7988890
    8     4096      0.10      0.8289500
    9     4096      0.10      0.8682420
   10     4096      0.10      0.7877000
    1     4096      0.25      1.6474010
    2     4096      0.25      1.5807780
    3     4096      0.25      1.5058980
    4     4096      0.25      1.5188090
    5     4096      0.25      1.5220180
    6     4096      0.25      1.5072940
    7     4096      0.25      1.5494700
    8     4096      0.25      1.5049750
    9     4096      0.25      1.4863410
   10     4096      0.25      1.5782130
    1     4096      0.50      2.8941370
    2     4096      0.50      2.5858950
    3     4096      0.50      2.7085420
    4     4096      0.50      2.6389160
    5     4096      0.50      2.5359150
    6     4096      0.50      2.6037060
    7     4096      0.50      2.5829660
    8     4096      0.50      2.5639420
    9     4096      0.50      2.6166270
   10     4096      0.50      2.5767270
    1     4096      0.75      4.0911970
    2     4096      0.75      3.6464270
    3     4096      0.75      3.6921840
    4     4096      0.75      3.7271810
    5     4096      0.75      3.6231830
    6     4096      0.75      3.6191000
    7     4096      0.75      3.6192370
    8     4096      0.75      3.6373410
    9     4096      0.75      3.5962810
   10     4096      0.75      3.6179360
    1     4096      0.90      4.7965000
    2     4096      0.90      4.3698100
    3     4096      0.90      4.2557160
    4     4096      0.90      4.2640420
    5     4096      0.90      4.2852140
    6     4096      0.90      4.2632740
    7     4096      0.90      4.2621380
    8     4096      0.90      4.2849380
    9     4096      0.90      4.4186440
   10     4096      0.90      4.3675590
    1     4096      0.95      5.1298990
    2     4096      0.95      4.5859590
    3     4096      0.95      4.5856480
    4     4096      0.95      4.5919090
    5     4096      0.95      4.6172990
    6     4096      0.95      4.6045060
    7     4096      0.95      4.5801340
    8     4096      0.95      4.5798190
    9     4096      0.95      4.5942370
   10     4096      0.95      4.5933690
    1     4096      0.99      5.3754420
    2     4096      0.99      4.7669590
    3     4096      0.99      4.7660740
    4     4096      0.99      4.7740700
    5     4096      0.99      4.7654720
    6     4096      0.99      4.7647440
    7     4096      0.99      4.7636790
    8     4096      0.99      4.7543280
    9     4096      0.99      4.7750750
   10     4096      0.99      4.7702070
    1     4096      1.00      5.3948710
    2     4096      1.00      4.7967660
    3     4096      1.00      4.7724360
    4     4096      1.00      4.8112880
    5     4096      1.00      4.8277840
    6     4096      1.00      4.8098130
    7     4096      1.00      4.8079170
    8     4096      1.00      4.8160710
    9     4096      1.00      4.7971610
   10     4096      1.00      4.8186110
    1     8192      0.00      0.6486150
    2     8192      0.00      0.6753110
    3     8192      0.00      0.6546860
    4     8192      0.00      0.6686470
    5     8192      0.00      0.6775820
    6     8192      0.00      0.6323970
    7     8192      0.00      0.6619960
    8     8192      0.00      0.6465580
    9     8192      0.00      0.6462540
   10     8192      0.00      0.7028840
    1     8192      0.01      0.7439750
    2     8192      0.01      0.7714270
    3     8192      0.01      0.7293420
    4     8192      0.01      0.7179590
    5     8192      0.01      0.7817290
    6     8192      0.01      0.7588150
    7     8192      0.01      0.7098260
    8     8192      0.01      0.7215940
    9     8192      0.01      0.7219890
   10     8192      0.01      0.7543870
    1     8192      0.05      1.1149440
    2     8192      0.05      1.1003170
    3     8192      0.05      1.1088240
    4     8192      0.05      1.1301350
    5     8192      0.05      1.1010740
    6     8192      0.05      1.0908690
    7     8192      0.05      1.1522640
    8     8192      0.05      1.1124750
    9     8192      0.05      1.1077830
   10     8192      0.05      1.1072850
    1     8192      0.10      1.7148540
    2     8192      0.10      1.5612860
    3     8192      0.10      1.5918100
    4     8192      0.10      1.5738820
    5     8192      0.10      1.5732450
    6     8192      0.10      1.5838970
    7     8192      0.10      1.5702190
    8     8192      0.10      1.6102030
    9     8192      0.10      1.5486510
   10     8192      0.10      1.5721280
    1     8192      0.25      3.1277680
    2     8192      0.25      2.9009890
    3     8192      0.25      2.9031820
    4     8192      0.25      2.8388250
    5     8192      0.25      2.8854120
    6     8192      0.25      2.8773430
    7     8192      0.25      2.8990700
    8     8192      0.25      2.9297370
    9     8192      0.25      2.9896770
   10     8192      0.25      2.8806070
    1     8192      0.50      5.6402220
    2     8192      0.50      5.0973390
    3     8192      0.50      5.0688550
    4     8192      0.50      5.0693930
    5     8192      0.50      5.0615870
    6     8192      0.50      5.0789750
    7     8192      0.50      5.1406300
    8     8192      0.50      5.0681160
    9     8192      0.50      5.1029620
   10     8192      0.50      5.0888030
    1     8192      0.75      8.1483950
    2     8192      0.75      7.2631670
    3     8192      0.75      7.2566740
    4     8192      0.75      7.2504110
    5     8192      0.75      7.2476880
    6     8192      0.75      7.2762560
    7     8192      0.75      7.2841590
    8     8192      0.75      7.2890280
    9     8192      0.75      7.2238230
   10     8192      0.75      7.2581050
    1     8192      0.90      9.7324850
    2     8192      0.90      8.5809020
    3     8192      0.90      8.6001580
    4     8192      0.90      8.6066760
    5     8192      0.90      8.5961940
    6     8192      0.90      8.5734670
    7     8192      0.90      8.6498700
    8     8192      0.90      8.5642170
    9     8192      0.90      8.5510180
   10     8192      0.90      8.5696360
    1     8192      0.95     10.2783830
    2     8192      0.95      8.9979540
    3     8192      0.95      8.9996980
    4     8192      0.95      9.0092020
    5     8192      0.95      9.0074940
    6     8192      0.95      8.9990730
    7     8192      0.95      8.9844570
    8     8192      0.95      9.0233480
    9     8192      0.95      9.0568470
   10     8192      0.95      9.0108770
    1     8192      0.99     10.5508850
    2     8192      0.99      9.3295950
    3     8192      0.99      9.3601790
    4     8192      0.99      9.3584060
    5     8192      0.99      9.3462240
    6     8192      0.99      9.3503800
    7     8192      0.99      9.4595860
    8     8192      0.99      9.3850690
    9     8192      0.99      9.4541370
   10     8192      0.99      9.3310880
    1     8192      1.00     10.6372610
    2     8192      1.00      9.4473000
    3     8192      1.00      9.4454570
    4     8192      1.00      9.4803520
    5     8192      1.00      9.4341530
    6     8192      1.00      9.4380820
    7     8192      1.00      9.4866480
    8     8192      1.00      9.4305210
    9     8192      1.00      9.4616450
   10     8192      1.00      9.4655440
    1    16384      0.00      1.3002770
    2    16384      0.00      1.1163560
    3    16384      0.00      1.0862810
    4    16384      0.00      1.1250090
    5    16384      0.00      1.1700780
    6    16384      0.00      1.0925340
    7    16384      0.00      1.1162120
    8    16384      0.00      1.1632010
    9    16384      0.00      1.1243550
   10    16384      0.00      1.0881970
    1    16384      0.01      1.3066950
    2    16384      0.01      1.2907400
    3    16384      0.01      1.3343410
    4    16384      0.01      1.3295770
    5    16384      0.01      1.2899850
    6    16384      0.01      1.2833760
    7    16384      0.01      1.3324480
    8    16384      0.01      1.2971350
    9    16384      0.01      1.3212230
   10    16384      0.01      1.3532840
    1    16384      0.05      2.0761600
    2    16384      0.05      2.0678990
    3    16384      0.05      2.0157210
    4    16384      0.05      2.0407670
    5    16384      0.05      2.0027420
    6    16384      0.05      2.0686300
    7    16384      0.05      2.0268100
    8    16384      0.05      2.0616390
    9    16384      0.05      2.0168090
   10    16384      0.05      2.0484640
    1    16384      0.10      3.1582900
    2    16384      0.10      2.8893420
    3    16384      0.10      2.8889410
    4    16384      0.10      2.9293370
    5    16384      0.10      2.8172540
    6    16384      0.10      2.8183450
    7    16384      0.10      2.8586000
    8    16384      0.10      2.8190870
    9    16384      0.10      2.8154810
   10    16384      0.10      2.8555370
    1    16384      0.25      6.1548080
    2    16384      0.25      5.5323590
    3    16384      0.25      5.5667970
    4    16384      0.25      5.4941560
    5    16384      0.25      5.4823090
    6    16384      0.25      5.5504500
    7    16384      0.25      5.5897980
    8    16384      0.25      5.5405330
    9    16384      0.25      5.5454730
   10    16384      0.25      5.5117140
    1    16384      0.50     11.1854250
    2    16384      0.50      9.9696710
    3    16384      0.50      9.8738950
    4    16384      0.50      9.9526200
    5    16384      0.50      9.9408710
    6    16384      0.50      9.9649910
    7    16384      0.50      9.8839340
    8    16384      0.50      9.9889440
    9    16384      0.50      9.8729170
   10    16384      0.50      9.9238930
    1    16384      0.75     16.0742610
    2    16384      0.75     14.2604150
    3    16384      0.75     14.3852630
    4    16384      0.75     14.2259600
    5    16384      0.75     14.3222710
    6    16384      0.75     14.1111560
    7    16384      0.75     14.0607330
    8    16384      0.75     14.0976710
    9    16384      0.75     14.0838570
   10    16384      0.75     14.0924350
    1    16384      0.90     18.8642550
    2    16384      0.90     16.7422560
    3    16384      0.90     16.6912860
    4    16384      0.90     16.7775840
    5    16384      0.90     16.7645230
    6    16384      0.90     16.6506340
    7    16384      0.90     16.7300650
    8    16384      0.90     16.7167220
    9    16384      0.90     16.6496650
   10    16384      0.90     16.7077360
    1    16384      0.95     19.8940060
    2    16384      0.95     17.5869250
    3    16384      0.95     17.5897750
    4    16384      0.95     17.5123110
    5    16384      0.95     17.6216210
    6    16384      0.95     17.5987300
    7    16384      0.95     17.5399120
    8    16384      0.95     17.6138040
    9    16384      0.95     17.5194870
   10    16384      0.95     17.5036150
    1    16384      0.99     20.6000050
    2    16384      0.99     18.2283680
    3    16384      0.99     18.2375220
    4    16384      0.99     18.2701990
    5    16384      0.99     18.5134950
    6    16384      0.99     18.5099830
    7    16384      0.99     18.4883130
    8    16384      0.99     18.4207720
    9    16384      0.99     18.5251140
   10    16384      0.99     18.3806800
    1    16384      1.00     21.0187980
    2    16384      1.00     18.5840250
    3    16384      1.00     18.5786560
    4    16384      1.00     18.5733820
    5    16384      1.00     18.5458700
    6    16384      1.00     18.5820940
    7    16384      1.00     18.6416160
    8    16384      1.00     18.5961940
    9    16384      1.00     19.2227840
   10    16384      1.00     19.6718050
    1    32768      0.00      2.4351780
    2    32768      0.00      2.1855580
    3    32768      0.00      2.1708210
    4    32768      0.00      2.1524340
    5    32768      0.00      2.2007720
    6    32768      0.00      2.1470330
    7    32768      0.00      2.1655840
    8    32768      0.00      2.1456190
    9    32768      0.00      2.1988280
   10    32768      0.00      2.1873730
    1    32768      0.01      2.4908490
    2    32768      0.01      2.5454820
    3    32768      0.01      2.5045670
    4    32768      0.01      2.5559190
    5    32768      0.01      2.6205650
    6    32768      0.01      2.5167860
    7    32768      0.01      2.5456370
    8    32768      0.01      2.5472910
    9    32768      0.01      2.5147860
   10    32768      0.01      2.5448000
    1    32768      0.05      4.0971900
    2    32768      0.05      3.9488920
    3    32768      0.05      3.9668190
    4    32768      0.05      3.9947400
    5    32768      0.05      3.9400820
    6    32768      0.05      3.9426640
    7    32768      0.05      3.9403730
    8    32768      0.05      3.9906090
    9    32768      0.05      3.9546790
   10    32768      0.05      3.9481860
    1    32768      0.10      6.1768020
    2    32768      0.10      5.6795080
    3    32768      0.10      5.7192690
    4    32768      0.10      5.5729040
    5    32768      0.10      5.5808680
    6    32768      0.10      5.6117120
    7    32768      0.10      5.6479400
    8    32768      0.10      5.5862380
    9    32768      0.10      5.6173590
   10    32768      0.10      5.5794860
    1    32768      0.25     12.0304730
    2    32768      0.25     10.8110080
    3    32768      0.25     10.8015660
    4    32768      0.25     10.8804320
    5    32768      0.25     10.8056470
    6    32768      0.25     10.8464810
    7    32768      0.25     10.9721970
    8    32768      0.25     10.8028300
    9    32768      0.25     10.8070350
   10    32768      0.25     10.8068240
    1    32768      0.50     21.8342630
    2    32768      0.50     19.5854980
    3    32768      0.50     19.6146140
    4    32768      0.50     19.6284640
    5    32768      0.50     19.5003290
    6    32768      0.50     19.4792320
    7    32768      0.50     19.6688890
    8    32768      0.50     19.7641540
    9    32768      0.50     19.6297260
   10    32768      0.50     19.5437110
    1    32768      0.75     31.8189440
    2    32768      0.75     28.1941440
    3    32768      0.75     28.2286070
    4    32768      0.75     28.2386660
    5    32768      0.75     28.1980520
    6    32768      0.75     28.2293240
    7    32768      0.75     28.1972980
    8    32768      0.75     28.1767690
    9    32768      0.75     28.2536330
   10    32768      0.75     28.2615780
    1    32768      0.90     37.7240480
    2    32768      0.90     33.3821960
    3    32768      0.90     33.4595630
    4    32768      0.90     33.3991800
    5    32768      0.90     33.4738140
    6    32768      0.90     33.4976210
    7    32768      0.90     33.5345820
    8    32768      0.90     33.4941030
    9    32768      0.90     33.4841610
   10    32768      0.90     33.4991190
    1    32768      0.95     39.8574410
    2    32768      0.95     35.2327750
    3    32768      0.95     35.2514660
    4    32768      0.95     35.2796270
    5    32768      0.95     35.2043180
    6    32768      0.95     35.2035890
    7    32768      0.95     35.3810440
    8    32768      0.95     35.3201200
    9    32768      0.95     35.1874790
   10    32768      0.95     35.1412450
    1    32768      0.99     41.4520290
    2    32768      0.99     36.6804720
    3    32768      0.99     36.6252810
    4    32768      0.99     36.5509540
    5    32768      0.99     36.5324240
    6    32768      0.99     36.6137010
    7    32768      0.99     36.5574110
    8    32768      0.99     36.6356540
    9    32768      0.99     37.0088300
   10    32768      0.99     36.5830030
    1    32768      1.00     41.6742720
    2    32768      1.00     37.1868790
    3    32768      1.00     36.8824420
    4    32768      1.00     37.0160930
    5    32768      1.00     37.0110630
    6    32768      1.00     37.0709000
    7    32768      1.00     37.0177770
    8    32768      1.00     37.0556980
    9    32768      1.00     37.0282350
   10    32768      1.00     37.3366860
    1    65536      0.00      4.8839180
    2    65536      0.00      4.1480420
    3    65536      0.00      4.1774670
    4    65536      0.00      4.1473880
    5    65536      0.00      4.1462790
    6    65536      0.00      4.1501730
    7    65536      0.00      4.1451350
    8    65536      0.00      4.1428590
    9    65536      0.00      4.1746270
   10    65536      0.00      4.1392270
    1    65536      0.01      4.9641810
    2    65536      0.01      4.8913450
    3    65536      0.01      4.8742740
    4    65536      0.01      4.8742310
    5    65536      0.01      4.8737890
    6    65536      0.01      4.9052550
    7    65536      0.01      4.9782780
    8    65536      0.01      4.8731100
    9    65536      0.01      4.8732200
   10    65536      0.01      4.8782760
    1    65536      0.05      8.2280330
    2    65536      0.05      7.7281110
    3    65536      0.05      7.7343070
    4    65536      0.05      7.7329700
    5    65536      0.05      7.7380490
    6    65536      0.05      7.7389010
    7    65536      0.05      7.7259750
    8    65536      0.05      7.7410080
    9    65536      0.05      7.7581130
   10    65536      0.05      7.8453820
    1    65536      0.10     12.3282000
    2    65536      0.10     11.3336650
    3    65536      0.10     11.3277330
    4    65536      0.10     11.3421850
    5    65536      0.10     11.3335690
    6    65536      0.10     11.3250970
    7    65536      0.10     11.3340270
    8    65536      0.10     11.3225950
    9    65536      0.10     11.3222940
   10    65536      0.10     11.3487330
    1    65536      0.25     24.6885230
    2    65536      0.25     22.2096910
    3    65536      0.25     22.1177060
    4    65536      0.25     22.1016220
    5    65536      0.25     22.1364060
    6    65536      0.25     22.1251440
    7    65536      0.25     22.0938680
    8    65536      0.25     22.1538420
    9    65536      0.25     22.1030960
   10    65536      0.25     22.0998850
    1    65536      0.50     45.1702330
    2    65536      0.50     40.1362110
    3    65536      0.50     40.1303050
    4    65536      0.50     40.1312910
    5    65536      0.50     40.1346590
    6    65536      0.50     40.1965450
    7    65536      0.50     40.1851910
    8    65536      0.50     40.2067400
    9    65536      0.50     40.6150880
   10    65536      0.50     40.6293980
    1    65536      0.75     66.2244330
    2    65536      0.75     58.1080460
    3    65536      0.75     58.1851640
    4    65536      0.75     58.0795710
    5    65536      0.75     58.0863240
    6    65536      0.75     58.0436000
    7    65536      0.75     58.1354250
    8    65536      0.75     58.1861410
    9    65536      0.75     58.0809100
   10    65536      0.75     58.0497120
    1    65536      0.90     78.4084480
    2    65536      0.90     68.8804840
    3    65536      0.90     68.7599270
    4    65536      0.90     68.9506110
    5    65536      0.90     69.0518860
    6    65536      0.90     69.0239810
    7    65536      0.90     69.0072520
    8    65536      0.90     68.8763150
    9    65536      0.90     68.8798000
   10    65536      0.90     68.8375310
    1    65536      0.95     81.8877710
    2    65536      0.95     72.4441970
    3    65536      0.95     72.6154790
    4    65536      0.95     72.4451390
    5    65536      0.95     72.3749450
    6    65536      0.95     72.4987170
    7    65536      0.95     72.4273650
    8    65536      0.95     72.6148500
    9    65536      0.95     72.6664710
   10    65536      0.95     72.6211160
    1    65536      0.99     85.3452320
    2    65536      0.99     75.3339590
    3    65536      0.99     75.3287580
    4    65536      0.99     75.3075740
    5    65536      0.99     75.6787290
    6    65536      0.99     75.3967000
    7    65536      0.99     75.4078910
    8    65536      0.99     75.6274200
    9    65536      0.99     75.9172170
   10    65536      0.99     75.2875130
    1    65536      1.00     86.3575070
    2    65536      1.00     76.2703070
    3    65536      1.00     76.2326640
    4    65536      1.00     76.1439500
    5    65536      1.00     76.4602950
    6    65536      1.00     76.0669000
    7    65536      1.00     76.1244550
    8    65536      1.00     76.3563200
    9    65536      1.00     76.1591700
   10    65536      1.00     76.1799510
    1   131072      0.00      9.8778550
    2   131072      0.00      8.2967810
    3   131072      0.00      8.2900420
    4   131072      0.00      8.3507000
    5   131072      0.00      8.3510560
    6   131072      0.00      8.3309190
    7   131072      0.00      8.3069840
    8   131072      0.00      8.2858510
    9   131072      0.00      8.3157350
   10   131072      0.00      8.2443520
    1   131072      0.01     10.4119860
    2   131072      0.01      9.8155540
    3   131072      0.01      9.7893040
    4   131072      0.01      9.8127060
    5   131072      0.01      9.8019070
    6   131072      0.01      9.7860270
    7   131072      0.01      9.7962720
    8   131072      0.01      9.7843770
    9   131072      0.01      9.8116020
   10   131072      0.01      9.8812460
    1   131072      0.05     17.6148040
    2   131072      0.05     16.1378340
    3   131072      0.05     16.1278380
    4   131072      0.05     16.1817590
    5   131072      0.05     15.9387190
    6   131072      0.05     15.9996700
    7   131072      0.05     15.9303330
    8   131072      0.05     16.0218310
    9   131072      0.05     15.9192250
   10   131072      0.05     16.0431090
    1   131072      0.10     26.0838620
    2   131072      0.10     23.5764650
    3   131072      0.10     23.6556670
    4   131072      0.10     23.6227430
    5   131072      0.10     23.6153650
    6   131072      0.10     23.5912110
    7   131072      0.10     23.6279260
    8   131072      0.10     23.5937680
    9   131072      0.10     23.6308020
   10   131072      0.10     23.5338200
    1   131072      0.25     52.0908600
    2   131072      0.25     46.6447410
    3   131072      0.25     46.5929660
    4   131072      0.25     46.5751350
    5   131072      0.25     46.6436530
    6   131072      0.25     46.5646170
    7   131072      0.25     46.6191780
    8   131072      0.25     46.6768840
    9   131072      0.25     46.5251430
   10   131072      0.25     46.9535420
    1   131072      0.50     95.6802180
    2   131072      0.50     84.9742990
    3   131072      0.50     85.1262490
    4   131072      0.50     85.1841720
    5   131072      0.50     85.1214380
    6   131072      0.50     84.9199120
    7   131072      0.50     84.9138180
    8   131072      0.50     85.2995180
    9   131072      0.50     85.0230740
   10   131072      0.50     84.9558210
    1   131072      0.75    138.8984500
    2   131072      0.75    123.5815070
    3   131072      0.75    123.5958180
    4   131072      0.75    124.1436810
    5   131072      0.75    123.5736190
    6   131072      0.75    123.4310550
    7   131072      0.75    123.4137690
    8   131072      0.75    123.4411010
    9   131072      0.75    123.7811790
   10   131072      0.75    123.6675830
    1   131072      0.90    165.4427410
    2   131072      0.90    146.6304920
    3   131072      0.90    146.5468460
    4   131072      0.90    146.3733100
    5   131072      0.90    146.4387490
    6   131072      0.90    147.8498930
    7   131072      0.90    146.5592800
    8   131072      0.90    146.8928250
    9   131072      0.90    146.7172130
   10   131072      0.90    146.5180170
    1   131072      0.95    173.6069770
    2   131072      0.95    154.1239400
    3   131072      0.95    154.6765030
    4   131072      0.95    154.6812530
    5   131072      0.95    154.5670790
    6   131072      0.95    154.2062170
    7   131072      0.95    154.0638840
    8   131072      0.95    154.0477220
    9   131072      0.95    155.6483770
   10   131072      0.95    154.9715750
    1   131072      0.99    180.6978080
    2   131072      0.99    160.4631760
    3   131072      0.99    160.0872520
    4   131072      0.99    160.3450720
    5   131072      0.99    160.5857320
    6   131072      0.99    161.9343100
    7   131072      0.99    162.5687820
    8   131072      0.99    160.6786770
    9   131072      0.99    160.1895190
   10   131072      0.99    160.2822130
    1   131072      1.00    181.9402320
    2   131072      1.00    162.1014230
    3   131072      1.00    162.1655900
    4   131072      1.00    162.0999340
    5   131072      1.00    161.7768740
    6   131072      1.00    162.0603050
    7   131072      1.00    161.7023170
    8   131072      1.00    162.2239620
    9   131072      1.00    162.3916670
   10   131072      1.00    162.6117360
    1   262144      0.00     19.7814210
    2   262144      0.00     17.1323530
    3   262144      0.00     17.0637740
    4   262144      0.00     17.0726920
    5   262144      0.00     17.1034610
    6   262144      0.00     17.0582120
    7   262144      0.00     17.1427170
    8   262144      0.00     17.0652330
    9   262144      0.00     17.1167790
   10   262144      0.00     17.0241820
    1   262144      0.01     20.8768890
    2   262144      0.01     20.2636710
    3   262144      0.01     20.3104280
    4   262144      0.01     20.2834080
    5   262144      0.01     20.3143190
    6   262144      0.01     20.2994710
    7   262144      0.01     20.2886230
    8   262144      0.01     20.2680970
    9   262144      0.01     20.2397160
   10   262144      0.01     20.4627060
    1   262144      0.05     35.2101580
    2   262144      0.05     32.8545720
    3   262144      0.05     32.9520530
    4   262144      0.05     32.8894070
    5   262144      0.05     32.8518820
    6   262144      0.05     32.8465660
    7   262144      0.05     32.9560890
    8   262144      0.05     32.8505110
    9   262144      0.05     32.9030660
   10   262144      0.05     33.0081850
    1   262144      0.10     53.0504560
    2   262144      0.10     48.6815630
    3   262144      0.10     48.7059250
    4   262144      0.10     48.6407190
    5   262144      0.10     48.6507040
    6   262144      0.10     48.7002580
    7   262144      0.10     48.5466920
    8   262144      0.10     48.5464930
    9   262144      0.10     48.5803460
   10   262144      0.10     48.6201130
    1   262144      0.25    106.2968230
    2   262144      0.25     96.0512150
    3   262144      0.25     96.0736510
    4   262144      0.25     95.7415140
    5   262144      0.25     96.0803970
    6   262144      0.25     95.9378350
    7   262144      0.25     95.8615380
    8   262144      0.25     95.8075650
    9   262144      0.25     95.7896230
   10   262144      0.25     95.7919340
    1   262144      0.50    196.0839490
    2   262144      0.50    174.5948480
    3   262144      0.50    174.7726390
    4   262144      0.50    175.0777450
    5   262144      0.50    174.9502720
    6   262144      0.50    174.8193880
    7   262144      0.50    174.4894070
    8   262144      0.50    175.0093150
    9   262144      0.50    174.9136460
   10   262144      0.50    175.7217610
    1   262144      0.75    285.4598840
    2   262144      0.75    253.6621530
    3   262144      0.75    253.7937480
    4   262144      0.75    254.1666880
    5   262144      0.75    253.8319550
    6   262144      0.75    254.4110680
    7   262144      0.75    253.7411430
    8   262144      0.75    254.2994820
    9   262144      0.75    253.9688390
   10   262144      0.75    253.8322840
    1   262144      0.90    339.0910800
    2   262144      0.90    301.7313420
    3   262144      0.90    301.3610340
    4   262144      0.90    301.8883990
    5   262144      0.90    301.5750900
    6   262144      0.90    301.2798130
    7   262144      0.90    301.0629260
    8   262144      0.90    301.8344440
    9   262144      0.90    301.2585800
   10   262144      0.90    301.8785060
    1   262144      0.95    357.1399540
    2   262144      0.95    319.7138710
    3   262144      0.95    317.2157420
    4   262144      0.95    317.5616540
    5   262144      0.95    317.1633250
    6   262144      0.95    317.6248360
    7   262144      0.95    317.9532490
    8   262144      0.95    317.2801750
    9   262144      0.95    317.2288950
   10   262144      0.95    317.5483600
    1   262144      0.99    371.8473750
    2   262144      0.99    330.0009550
    3   262144      0.99    330.3466470
    4   262144      0.99    332.9230670
    5   262144      0.99    332.9509370
    6   262144      0.99    333.7001570
    7   262144      0.99    329.7695190
    8   262144      0.99    330.0744860
    9   262144      0.99    330.3596140
   10   262144      0.99    330.6925220
    1   262144      1.00    375.0134010
    2   262144      1.00    333.3640050
    3   262144      1.00    332.9287080
    4   262144      1.00    333.4873890
    5   262144      1.00    333.8095260
    6   262144      1.00    333.3791450
    7   262144      1.00    333.1521440
    8   262144      1.00    333.1705130
    9   262144      1.00    332.8710220
   10   262144      1.00    333.3529510
    1   524288      0.00     39.5446240
    2   524288      0.00     35.3205600
    3   524288      0.00     35.2159180
    4   524288      0.00     35.1425000
    5   524288      0.00     35.1716510
    6   524288      0.00     35.1299170
    7   524288      0.00     35.1316010
    8   524288      0.00     35.1593340
    9   524288      0.00     35.1946040
   10   524288      0.00     35.0764680
    1   524288      0.01     42.2605410
    2   524288      0.01     41.5492150
    3   524288      0.01     41.4173250
    4   524288      0.01     41.5004790
    5   524288      0.01     41.4933730
    6   524288      0.01     41.4244980
    7   524288      0.01     41.4907140
    8   524288      0.01     41.4471280
    9   524288      0.01     41.4357680
   10   524288      0.01     41.4679910
    1   524288      0.05     70.8566910
    2   524288      0.05     66.6196150
    3   524288      0.05     66.7476000
    4   524288      0.05     66.6760370
    5   524288      0.05     66.7837150
    6   524288      0.05     66.8232990
    7   524288      0.05     66.7846400
    8   524288      0.05     66.8289230
    9   524288      0.05     66.7172430
   10   524288      0.05     66.7451950
    1   524288      0.10    106.4641850
    2   524288      0.10     98.3128860
    3   524288      0.10     98.2764930
    4   524288      0.10     98.6331900
    5   524288      0.10     98.7314720
    6   524288      0.10     98.3653090
    7   524288      0.10     98.6384450
    8   524288      0.10     98.4531640
    9   524288      0.10     98.4559830
   10   524288      0.10     98.3106060
    1   524288      0.25    215.3054830
    2   524288      0.25    195.9218550
    3   524288      0.25    195.8775540
    4   524288      0.25    194.7757770
    5   524288      0.25    193.9691880
    6   524288      0.25    195.6640140
    7   524288      0.25    194.5026850
    8   524288      0.25    194.6461970
    9   524288      0.25    197.4886810
   10   524288      0.25    196.6910550
    1   524288      0.50    396.3674850
    2   524288      0.50    354.0364060
    3   524288      0.50    353.5511740
    4   524288      0.50    360.0249750
    5   524288      0.50    365.0269410
    6   524288      0.50    354.5017190
    7   524288      0.50    359.7108980
    8   524288      0.50    363.6601450
    9   524288      0.50    354.8998250
   10   524288      0.50    355.5038690
    1   524288      0.75    584.2583250
    2   524288      0.75    526.1958430
    3   524288      0.75    520.4714290
    4   524288      0.75    513.2167790
    5   524288      0.75    517.2804750
    6   524288      0.75    524.3759760
    7   524288      0.75    520.4103680
    8   524288      0.75    517.4612270
    9   524288      0.75    514.2535590
   10   524288      0.75    521.3228180
    1   524288      0.90    688.4993510
    2   524288      0.90    611.9440830
    3   524288      0.90    630.9536760
    4   524288      0.90    621.4352620
    5   524288      0.90    610.0552560
    6   524288      0.90    608.5481110
    7   524288      0.90    611.7469960
    8   524288      0.90    618.9748270
    9   524288      0.90    624.3121630
   10   524288      0.90    610.2991280
    1   524288      0.95    729.8144920
    2   524288      0.95    647.2368420
    3   524288      0.95    640.5715210
    4   524288      0.95    643.0028200
    5   524288      0.95    648.4956850
    6   524288      0.95    653.4422140
    7   524288      0.95    648.3332040
    8   524288      0.95    642.0698270
    9   524288      0.95    641.6332470
   10   524288      0.95    649.2278820
    1   524288      0.99    755.5643500
    2   524288      0.99    667.4422060
    3   524288      0.99    667.6417500
    4   524288      0.99    673.4149170
    5   524288      0.99    668.4212610
    6   524288      0.99    667.4965820
    7   524288      0.99    682.4555400
    8   524288      0.99    679.4850720
    9   524288      0.99    667.9531990
   10   524288      0.99    664.5877680
    1   524288      1.00    759.4906550
    2   524288      1.00    681.6111210
    3   524288      1.00    690.3037810
    4   524288      1.00    673.6086420
    5   524288      1.00    692.3402570
    6   524288      1.00    684.6329380
    7   524288      1.00    674.3198360
    8   524288      1.00    671.7841280
    9   524288      1.00    673.0609480
   10   524288      1.00    684.8891470
    1  1048576      0.00     79.1931560
    2  1048576      0.00     70.5827820
    3  1048576      0.00     70.6925350
    4  1048576      0.00     70.6294720
    5  1048576      0.00     70.6200320
    6  1048576      0.00     70.4550110
    7  1048576      0.00     70.4324950
    8  1048576      0.00     70.6250970
    9  1048576      0.00     70.4655660
   10  1048576      0.00     70.7549610
    1  1048576      0.01     84.7469550
    2  1048576      0.01     83.6571710
    3  1048576      0.01     83.3997900
    4  1048576      0.01     84.7439220
    5  1048576      0.01     83.5124550
    6  1048576      0.01     83.5366530
    7  1048576      0.01     83.6882260
    8  1048576      0.01     83.4225800
    9  1048576      0.01     83.4234340
   10  1048576      0.01     83.4932480
    1  1048576      0.05    142.3491790
    2  1048576      0.05    137.0945470
    3  1048576      0.05    136.5913910
    4  1048576      0.05    136.3983470
    5  1048576      0.05    134.4540980
    6  1048576      0.05    134.2361350
    7  1048576      0.05    136.6061560
    8  1048576      0.05    134.7558110
    9  1048576      0.05    134.5916080
   10  1048576      0.05    134.2046770
    1  1048576      0.10    215.5128550
    2  1048576      0.10    206.6278810
    3  1048576      0.10    205.1158760
    4  1048576      0.10    204.1246910
    5  1048576      0.10    200.9769960
    6  1048576      0.10    202.1698480
    7  1048576      0.10    199.6202690
    8  1048576      0.10    199.7439010
    9  1048576      0.10    198.7797750
   10  1048576      0.10    198.7349370
    1  1048576      0.25    444.0882050
    2  1048576      0.25    391.3719930
    3  1048576      0.25    391.2544900
    4  1048576      0.25    391.4007370
    5  1048576      0.25    405.6060290
    6  1048576      0.25    399.7629550
    7  1048576      0.25    393.1530210
    8  1048576      0.25    397.0903100
    9  1048576      0.25    390.2833790
   10  1048576      0.25    410.7432310
    1  1048576      0.50    797.0963190
    2  1048576      0.50    733.3796730
    3  1048576      0.50    711.4185380
    4  1048576      0.50    712.6603400
    5  1048576      0.50    725.9750560
    6  1048576      0.50    722.0417530
    7  1048576      0.50    720.2494170
    8  1048576      0.50    722.8509040
    9  1048576      0.50    712.2718460
   10  1048576      0.50    723.9627680
    1  1048576      0.75   1156.2186730
    2  1048576      0.75   1040.2773480
    3  1048576      0.75   1042.8449480
    4  1048576      0.75   1054.9632870
    5  1048576      0.75   1032.6975160
    6  1048576      0.75   1039.2248620
    7  1048576      0.75   1031.5555060
    8  1048576      0.75   1033.3048420
    9  1048576      0.75   1033.8237470
   10  1048576      0.75   1080.7197860
    1  1048576      0.90   1381.2608180
    2  1048576      0.90   1229.9605920
    3  1048576      0.90   1230.6621450
    4  1048576      0.90   1233.7004910
    5  1048576      0.90   1222.7776920
    6  1048576      0.90   1228.9093600
    7  1048576      0.90   1226.3540290
    8  1048576      0.90   1256.3809420
    9  1048576      0.90   1225.9943660
   10  1048576      0.90   1230.7781870
    1  1048576      0.95   1470.4301700
    2  1048576      0.95   1325.2929810
    3  1048576      0.95   1295.3962070
    4  1048576      0.95   1291.9609440
    5  1048576      0.95   1310.8153530
    6  1048576      0.95   1304.2509020
    7  1048576      0.95   1291.8562780
    8  1048576      0.95   1294.9403160
    9  1048576      0.95   1290.7120060
   10  1048576      0.95   1294.3768370
    1  1048576      0.99   1511.5895860
    2  1048576      0.99   1348.1035580
    3  1048576      0.99   1374.8118210
    4  1048576      0.99   1394.5804130
    5  1048576      0.99   1349.4130250
    6  1048576      0.99   1355.1184390
    7  1048576      0.99   1342.4948810
    8  1048576      0.99   1379.2492000
    9  1048576      0.99   1342.1573500
   10  1048576      0.99   1340.8157520
    1  1048576      1.00   1538.9527560
    2  1048576      1.00   1359.5506770
    3  1048576      1.00   1361.2578540
    4  1048576      1.00   1397.7745760
    5  1048576      1.00   1355.1555270
    6  1048576      1.00   1375.1204920
    7  1048576      1.00   1374.4940880
    8  1048576      1.00   1355.0235550
    9  1048576      1.00   1350.9009730
   10  1048576      1.00   1360.7473930
